t2
// Number Of Resources
49
// Resource
0
-1
1
0
0
0
0
0
0
0
0
7
4
-1
1
45
0
0
0
0
0
1
0
4
-1
5
45
0
0
0
0
0
1
0
0
642
0
45
0
0
0
0
0
1
0
0
524
0
45
0
0
0
0
0
1
0
0
708
0
45
0
0
0
0
0
1
0
0
707
0
45
0
0
0
0
0
1
0
0
709
0
45
0
0
0
0
0
1
0
// Resource
3
5
0
0
680
590
-1
-1
0
0
0
20
16389
595
0
0
1
2
-1
-1
0
1
0
16389
596
0
0
6
1
-1
609281
0
1
0
5
78
0
0
0
0
9
610304
0
1
0
5
530
0
0
0
0
-1
610305
0
1
0
5
6
0
0
0
0
11
610306
0
1
0
5
7
0
0
0
0
14
610308
0
1
0
5
8
0
0
0
0
20
610309
0
1
0
7173
9
0
0
0
0
-1
609280
0
1
0
8197
131
0
0
0
0
-1
9216
0
1
0
8197
130
0
0
0
0
-1
9217
0
1
0
16389
597
0
0
1
6
-1
9218
0
1
0
3077
3
0
0
0
0
-1
611328
0
1
0
3077
129
0
0
0
0
-1
611329
0
1
0
3077
4
0
0
0
0
-1
611330
0
1
0
8197
133
0
0
0
0
-1
611331
0
1
0
3077
2
0
0
0
0
-1
611332
0
1
0
8197
132
0
0
0
0
-1
611333
0
1
0
8197
135
0
0
0
0
-1
9219
0
1
0
8197
134
0
0
0
0
-1
9220
0
1
0
3077
95
0
0
0
0
-1
610307
0
1
0
// Resource
0
324
4
0
0
0
0
0
0
0
0
32
4
325
10
45
0
0
0
0
0
1
0
4
334
2
45
0
0
0
0
0
1
0
1
395
0
0
0
0
0
0
0
1
0
1
396
0
1
0
0
0
0
0
1
0
4
353
2
45
0
0
0
0
0
1
0
1
494
0
0
0
0
0
0
0
1
0
1
495
0
1
0
0
0
0
0
1
0
4
331
2
45
0
0
0
0
0
1
0
1
250
0
0
0
0
0
0
0
1
0
1
251
0
1
0
0
0
0
0
1
0
4
328
2
45
0
0
0
0
0
1
0
1
169
0
0
0
0
0
0
0
1
0
1
170
0
1
0
0
0
0
0
1
0
4
332
2
45
0
0
0
0
0
1
0
1
301
0
0
0
0
0
0
0
1
0
1
302
0
1
0
0
0
0
0
1
0
4
358
2
45
0
0
0
0
0
1
0
1
686
0
0
0
0
0
0
0
1
0
1
692
0
1
0
0
0
0
0
1
0
1
0
0
20
0
0
0
0
0
1
0
1
566
0
20
0
0
0
0
0
1
0
3
-1
0
45
0
0
0
0
0
1
0
1
119
0
5
0
0
0
0
0
1
0
0
58
0
45
0
0
0
0
0
0
0
4
326
2
45
0
0
0
0
0
1
0
1
121
0
41
0
0
0
0
0
1
0
1
538
0
40
0
0
0
0
0
1
0
4
362
4
45
0
0
0
0
0
1
0
1
227
0
29
0
0
0
0
0
1
0
3
-1
0
45
0
0
0
0
0
1
0
0
564
0
45
0
0
0
0
0
1
0
1
664
0
45
0
0
0
0
0
1
0
// Resource
1
23
0
0
260
385
-1
-1
0
1
0
29
7173
25
5
5
250
375
-1
-1
0
1
0
3077
24
10
190
230
25
-1
25601
0
1
0
3077
33
10
10
230
25
-1
25601
0
1
0
3077
28
10
250
230
25
-1
25601
0
1
0
2053
175
25
275
155
25
-1
25601
0
1
0
5
177
215
275
25
25
28
25601
0
1
0
5
176
185
275
25
25
27
25601
0
1
0
5
449
10
310
110
25
22
25601
0
1
0
5
79
130
310
110
25
32
25601
0
1
0
3077
30
25
215
75
25
-1
25601
0
1
0
2053
474
100
215
85
25
-1
25601
0
1
0
5
473
190
215
45
25
14
25601
0
1
0
3077
29
25
35
50
25
-1
25601
0
1
0
2053
421
80
35
155
25
-1
25601
0
1
0
3077
26
25
65
100
25
-1
25601
0
1
0
2053
173
130
65
105
25
-1
25601
0
1
0
3077
27
25
95
100
25
-1
25601
0
1
0
2053
174
130
95
105
25
-1
25601
0
1
0
4101
237
25
125
210
25
-1
25601
0
1
0
4101
236
45
155
190
25
-1
25601
0
1
0
3077
261
30
150
15
25
-1
25601
0
1
0
8197
34
5
5
240
300
-1
25600
0
1
0
5
35
10
310
110
25
22
25600
0
1
0
5
22
130
310
110
25
9
25600
0
1
0
2053
587
120
95
80
25
-1
25602
0
1
0
3077
32
15
95
100
25
-1
25602
0
1
0
3077
505
205
95
20
25
-1
25602
0
1
0
2053
501
120
125
80
25
-1
25602
0
1
0
3077
31
15
125
100
25
-1
25602
0
1
0
// Resource
1
40
0
0
345
225
-1
-1
0
0
0
31
5125
45
10
75
100
100
-1
-1
0
1
0
5125
46
115
75
100
100
-1
-1
0
1
0
5125
44
220
75
115
100
-1
-1
0
1
0
1029
497
230
185
100
25
17
-1
0
1
0
5
49
125
185
100
25
18
-1
0
1
0
3077
700
20
95
20
25
-1
-1
0
1
0
2053
510
40
95
60
25
-1
-1
0
1
0
3077
703
20
120
20
25
-1
-1
0
1
0
2053
511
40
120
60
25
-1
-1
0
1
0
3077
706
20
145
20
25
-1
-1
0
1
0
2053
512
40
145
60
25
-1
-1
0
1
0
2053
19
250
95
60
25
-1
-1
0
1
0
2053
20
250
120
60
25
-1
-1
0
1
0
2053
21
250
145
60
25
-1
-1
0
1
0
2053
645
145
95
60
25
-1
-1
0
1
0
2053
646
145
120
60
25
-1
-1
0
1
0
2053
647
145
145
60
25
-1
-1
0
1
0
2053
660
85
40
80
25
-1
-1
0
1
0
3077
42
10
40
70
25
-1
-1
0
1
0
3077
43
10
10
70
25
-1
-1
0
1
0
3077
419
170
40
20
25
-1
-1
0
1
0
3077
77
315
95
20
25
-1
-1
0
1
0
3077
77
315
120
20
25
-1
-1
0
1
0
3077
77
315
145
20
25
-1
-1
0
1
0
6149
41
85
10
140
25
-1
-1
0
1
0
3077
700
125
95
20
25
-1
-1
0
1
0
3077
703
125
120
20
25
-1
-1
0
1
0
3077
706
125
145
20
25
-1
-1
0
1
0
3077
700
230
95
20
25
-1
-1
0
1
0
3077
703
230
120
20
25
-1
-1
0
1
0
3077
706
230
145
20
25
-1
-1
0
1
0
// Resource
1
101
0
0
400
370
-1
-1
0
0
0
16
7173
102
5
5
390
360
-1
-1
0
1
0
3077
106
10
235
120
25
-1
104448
0
1
0
2053
648
135
235
245
25
-1
104448
0
0
0
3077
104
10
265
120
25
-1
104448
0
1
0
2053
56
135
265
245
25
-1
104448
0
0
0
3077
103
10
295
120
25
-1
104448
0
1
0
5
1
135
295
245
25
-1
104448
0
1
0
12293
277
130
55
128
128
-1
104448
0
1
0
3077
105
10
10
120
25
-1
104449
0
1
0
6149
262
135
10
245
25
-1
104449
0
1
0
3077
107
10
40
120
25
-1
104449
0
1
0
2053
668
135
40
215
25
-1
104449
0
0
0
5
148
355
40
25
25
1
104449
0
1
0
4101
278
10
100
370
25
-1
104449
0
1
0
4101
275
10
70
370
25
-1
104449
0
1
0
9221
257
5
5
380
330
-1
104450
0
1
0
// Resource
1
155
0
0
210
255
-1
-1
0
1
0
27
7173
156
5
5
200
245
-1
-1
0
1
0
3077
162
10
10
100
25
-1
159744
0
1
0
3077
160
10
40
100
25
-1
159744
0
1
0
3077
157
10
130
100
25
-1
159744
0
1
0
3077
158
10
160
100
25
-1
159744
0
1
0
2053
472
110
10
80
25
-1
159744
0
1
0
2053
222
110
40
80
25
-1
159744
0
1
0
2053
126
110
130
60
25
-1
159744
0
1
0
2053
127
110
160
60
25
-1
159744
0
1
0
3077
167
10
70
100
25
-1
159744
0
1
0
3077
168
10
100
100
25
-1
159744
0
1
0
2053
704
110
70
80
25
-1
159744
0
1
0
2053
705
110
100
80
25
-1
159744
0
1
0
3077
164
10
190
100
25
-1
159744
0
1
0
2053
643
110
190
80
25
-1
159744
0
1
0
3077
505
175
130
20
25
-1
159744
0
1
0
3077
505
175
160
20
25
-1
159744
0
1
0
3077
159
10
40
100
25
-1
159745
0
1
0
3077
165
10
70
100
25
-1
159745
0
1
0
2053
421
110
40
80
25
-1
159745
0
1
0
2053
701
110
70
80
25
-1
159745
0
1
0
3077
166
10
100
100
25
-1
159745
0
1
0
2053
702
110
100
80
25
-1
159745
0
1
0
3077
161
10
130
100
25
-1
159745
0
1
0
2053
666
110
130
80
25
-1
159745
0
1
0
3077
163
10
50
100
25
-1
159746
0
1
0
2053
629
10
80
180
25
-1
159746
0
1
0
// Resource
0
328
4
0
0
0
0
0
0
0
0
39
4
327
17
45
0
0
0
0
0
1
0
1
432
0
0
0
0
0
0
0
1
0
1
498
0
1
0
0
0
0
0
1
0
1
541
0
2
0
0
0
0
0
1
0
1
542
0
3
0
0
0
0
0
1
0
3
-1
0
45
0
0
0
0
0
1
0
0
118
0
45
0
0
0
0
0
1
0
3
-1
0
45
0
0
0
0
0
1
0
4
334
2
45
0
0
0
0
0
1
0
1
395
0
0
0
0
0
0
0
1
0
1
396
0
1
0
0
0
0
0
1
0
4
353
2
45
0
0
0
0
0
1
0
1
494
0
0
0
0
0
0
0
1
0
1
495
0
1
0
0
0
0
0
1
0
4
331
2
45
0
0
0
0
0
1
0
1
250
0
0
0
0
0
0
0
1
0
1
251
0
1
0
0
0
0
0
1
0
4
328
2
45
0
0
0
0
0
1
0
1
169
0
0
0
0
0
0
0
1
0
1
170
0
1
0
0
0
0
0
1
0
4
332
2
45
0
0
0
0
0
1
0
1
301
0
0
0
0
0
0
0
1
0
1
302
0
1
0
0
0
0
0
1
0
4
358
2
45
0
0
0
0
0
1
0
1
686
0
0
0
0
0
0
0
1
0
1
692
0
1
0
0
0
0
0
1
0
1
0
0
20
0
0
0
0
0
1
0
1
566
0
20
0
0
0
0
0
1
0
3
-1
0
45
0
0
0
0
0
1
0
1
119
0
5
0
0
0
0
0
1
0
0
59
0
45
0
0
0
0
0
0
0
4
329
2
45
0
0
0
0
0
1
0
1
228
0
33
0
0
0
0
0
1
0
1
630
0
1
0
0
0
0
0
1
0
4
330
4
45
0
0
0
0
0
1
0
1
227
0
29
0
0
0
0
0
1
0
3
-1
0
45
0
0
0
0
0
1
0
0
564
0
45
0
0
0
0
0
1
0
1
664
0
45
0
0
0
0
0
1
0
// Resource
1
523
0
0
365
310
-1
-1
0
0
0
21
3077
199
10
80
345
25
-1
-1
0
1
0
3077
209
30
110
95
25
-1
-1
0
1
0
2053
76
125
110
200
25
-1
-1
0
1
0
5
141
330
110
25
25
1
-1
0
1
0
3077
206
30
170
95
25
-1
-1
0
1
0
2053
73
125
170
200
25
-1
-1
0
1
0
5
139
330
170
25
25
1
-1
0
1
0
3077
204
30
200
95
25
-1
-1
0
1
0
2053
72
125
200
200
25
-1
-1
0
1
0
5
138
330
200
25
25
1
-1
0
1
0
3077
203
30
230
95
25
-1
-1
0
1
0
2053
71
125
230
200
25
-1
-1
0
1
0
5
137
330
230
25
25
1
-1
0
1
0
5
49
145
270
100
25
18
-1
0
1
0
1029
497
250
270
100
25
17
-1
0
1
0
3077
205
10
10
345
25
-1
-1
0
1
0
2053
533
30
40
295
25
-1
-1
0
0
0
5
146
330
40
25
25
1
-1
0
1
0
3077
207
30
140
95
25
-1
-1
0
1
0
2053
74
125
140
200
25
-1
-1
0
1
0
5
140
330
140
25
25
1
-1
0
1
0
// Resource
1
217
0
0
365
380
-1
-1
0
0
0
25
2053
533
30
40
295
25
-1
-1
0
0
0
5
146
330
40
25
25
1
-1
0
1
0
3077
208
30
70
95
25
-1
-1
0
1
0
6149
201
125
70
230
25
-1
-1
0
1
0
3077
202
30
100
95
25
-1
-1
0
1
0
6149
124
125
100
230
25
-1
-1
0
1
0
3077
199
10
150
345
25
-1
-1
0
1
0
3077
209
30
180
95
25
-1
-1
0
1
0
2053
76
125
180
200
25
-1
-1
0
1
0
5
141
330
180
25
25
1
-1
0
1
0
3077
206
30
240
95
25
-1
-1
0
1
0
2053
73
125
240
200
25
-1
-1
0
1
0
5
139
330
240
25
25
1
-1
0
1
0
3077
204
30
270
95
25
-1
-1
0
1
0
2053
72
125
270
200
25
-1
-1
0
1
0
5
138
330
270
25
25
1
-1
0
1
0
3077
203
30
300
95
25
-1
-1
0
1
0
2053
71
125
300
200
25
-1
-1
0
1
0
5
137
330
300
25
25
1
-1
0
1
0
5
49
145
340
100
25
18
-1
0
1
0
1029
497
250
340
100
25
17
-1
0
1
0
3077
207
30
210
95
25
-1
-1
0
1
0
2053
74
125
210
200
25
-1
-1
0
1
0
5
140
330
210
25
25
1
-1
0
1
0
3077
200
10
10
345
25
-1
-1
0
1
0
// Resource
1
240
0
0
365
360
-1
638
0
0
0
22
7173
241
5
5
355
285
-1
-1
0
1
0
2053
421
100
10
245
25
-1
246784
0
1
0
3077
246
10
10
90
25
-1
246784
0
1
0
5
144
240
110
25
25
1
246784
0
1
0
2053
370
100
110
135
25
-1
246784
0
1
0
3077
245
10
110
90
25
-1
246784
0
1
0
5
145
240
140
25
25
1
246784
0
1
0
2053
482
100
140
135
25
-1
246784
0
1
0
3077
248
10
140
90
25
-1
246784
0
1
0
2053
82
100
40
245
25
-1
246784
0
1
0
3077
242
10
40
90
25
-1
246784
0
1
0
2053
260
100
80
135
25
-1
246784
0
1
0
3077
249
10
80
90
25
-1
246784
0
1
0
2053
515
100
170
135
25
-1
246784
0
1
0
3077
247
10
170
90
25
-1
246784
0
1
0
2053
516
100
200
135
25
-1
246784
0
1
0
3077
243
10
200
90
25
-1
246784
0
1
0
5
110
270
110
75
25
11
246784
0
1
0
5
111
270
140
75
25
11
246784
0
1
0
8197
556
10
40
335
210
-1
246785
0
1
0
3077
244
10
10
125
25
-1
246785
0
1
0
2053
322
135
10
210
25
-1
246785
0
1
0
// Resource
0
331
3
0
0
0
0
0
0
0
0
34
4
327
15
45
0
0
0
0
0
1
0
1
432
0
0
0
0
0
0
0
1
0
1
498
0
1
0
0
0
0
0
1
0
1
541
0
2
0
0
0
0
0
1
0
1
542
0
3
0
0
0
0
0
1
0
3
-1
0
45
0
0
0
0
0
1
0
4
334
2
45
0
0
0
0
0
1
0
1
395
0
0
0
0
0
0
0
1
0
1
396
0
1
0
0
0
0
0
1
0
4
353
2
45
0
0
0
0
0
1
0
1
494
0
0
0
0
0
0
0
1
0
1
495
0
1
0
0
0
0
0
1
0
4
331
2
45
0
0
0
0
0
1
0
1
250
0
0
0
0
0
0
0
1
0
1
251
0
1
0
0
0
0
0
1
0
4
328
2
45
0
0
0
0
0
1
0
1
169
0
0
0
0
0
0
0
1
0
1
170
0
1
0
0
0
0
0
1
0
4
332
2
45
0
0
0
0
0
1
0
1
301
0
0
0
0
0
0
0
1
0
1
302
0
1
0
0
0
0
0
1
0
4
358
2
45
0
0
0
0
0
1
0
1
686
0
0
0
0
0
0
0
1
0
1
692
0
1
0
0
0
0
0
1
0
1
0
0
20
0
0
0
0
0
1
0
1
566
0
20
0
0
0
0
0
1
0
3
-1
0
45
0
0
0
0
0
1
0
1
119
0
5
0
0
0
0
0
1
0
0
60
0
45
0
0
0
0
0
0
0
4
330
4
45
0
0
0
0
0
1
0
1
227
0
29
0
0
0
0
0
1
0
3
-1
0
45
0
0
0
0
0
1
0
0
564
0
45
0
0
0
0
0
1
0
1
664
0
45
0
0
0
0
0
1
0
// Resource
2
638
0
0
0
0
0
0
0
1
1
3
0
432
0
0
-1
0
0
0
0
1
0
0
498
0
1
-1
0
0
0
0
1
0
0
541
0
2
-1
0
0
0
0
1
0
// Resource
1
255
0
0
350
85
-1
-1
0
1
0
5
3077
256
10
10
130
25
-1
-1
0
1
0
2053
254
140
10
170
25
-1
-1
0
0
0
1029
497
240
45
100
25
17
-1
0
1
0
5
49
135
45
100
25
18
-1
0
1
0
5
258
315
10
25
25
21
-1
0
1
0
// Resource
1
284
0
0
365
320
-1
-1
0
1
0
50
1029
497
260
280
95
25
17
-1
0
1
0
5
49
160
280
95
25
18
-1
0
1
0
5
565
60
280
95
25
19
-1
0
1
0
7173
287
5
5
355
260
-1
-1
0
1
0
3077
18
25
10
65
25
-1
293888
0
1
0
3077
94
25
40
65
25
-1
293888
0
1
0
3077
586
25
70
65
25
-1
293888
0
1
0
3077
116
25
100
65
25
-1
293888
0
1
0
3077
567
200
70
65
25
-1
293888
0
1
0
18437
319
270
70
65
25
-1
293888
0
1
0
13317
314
90
10
100
25
-1
293888
0
1
0
13317
316
90
40
100
25
-1
293888
0
1
0
13317
320
90
70
100
25
-1
293888
0
1
0
13317
317
90
100
100
25
-1
293888
0
1
0
5
315
130
190
105
25
9
293889
0
1
0
8197
321
5
5
345
180
-1
293889
0
1
0
5
313
5
190
120
25
0
293889
0
1
0
5
318
240
190
105
25
21
293889
0
1
0
6149
16
90
100
255
25
-1
293890
0
1
0
6149
13
90
130
255
25
-1
293890
0
1
0
6149
641
60
10
285
25
-1
293890
0
1
0
3077
297
30
10
30
25
-1
293890
0
1
0
3077
296
30
100
60
25
-1
293890
0
1
0
3077
294
30
130
60
25
-1
293890
0
1
0
3077
295
30
195
60
25
-1
293890
0
1
0
18437
14
265
195
50
25
-1
293890
0
1
0
3077
505
320
195
25
25
-1
293890
0
1
0
4101
17
30
40
315
25
-1
293890
0
1
0
3077
285
10
75
335
25
-1
293890
0
1
0
3077
-1
10
170
335
25
-1
293890
0
1
0
14341
15
90
195
170
25
-1
293890
0
0
0
2053
568
85
90
235
25
-1
293892
0
1
0
3077
292
30
90
55
25
-1
293892
0
1
0
3077
505
325
90
20
25
-1
293892
0
1
0
2053
569
85
120
235
25
-1
293892
0
1
0
3077
293
30
120
55
25
-1
293892
0
1
0
3077
288
10
155
335
25
-1
293892
0
1
0
2053
115
25
180
290
25
-1
293892
0
1
0
4101
661
30
25
315
25
-1
293892
0
1
0
5
142
320
180
25
25
1
293892
0
1
0
3077
286
10
65
335
25
-1
293892
0
1
0
3077
279
325
120
20
25
-1
293892
0
1
0
6149
525
40
10
305
25
-1
293891
0
1
0
3077
291
10
10
30
25
-1
293891
0
1
0
3077
289
10
40
75
25
-1
293891
0
1
0
18437
526
85
40
40
25
-1
293891
0
1
0
3077
505
130
40
15
25
-1
293891
0
1
0
8197
528
10
70
335
155
-1
293891
0
1
0
3077
290
200
40
90
25
-1
293891
0
1
0
18437
527
290
40
55
25
-1
293891
0
1
0
// Resource
0
332
4
0
0
0
0
0
0
0
0
40
4
327
17
45
0
0
0
0
0
1
0
1
432
0
0
0
0
0
0
0
1
0
1
498
0
1
0
0
0
0
0
1
0
1
541
0
2
0
0
0
0
0
1
0
1
542
0
3
0
0
0
0
0
1
0
3
-1
0
45
0
0
0
0
0
1
0
0
118
0
45
0
0
0
0
0
1
0
3
-1
0
45
0
0
0
0
0
1
0
4
334
2
45
0
0
0
0
0
1
0
1
395
0
0
0
0
0
0
0
1
0
1
396
0
1
0
0
0
0
0
1
0
4
353
2
45
0
0
0
0
0
1
0
1
494
0
0
0
0
0
0
0
1
0
1
495
0
1
0
0
0
0
0
1
0
4
331
2
45
0
0
0
0
0
1
0
1
250
0
0
0
0
0
0
0
1
0
1
251
0
1
0
0
0
0
0
1
0
4
328
2
45
0
0
0
0
0
1
0
1
169
0
0
0
0
0
0
0
1
0
1
170
0
1
0
0
0
0
0
1
0
4
332
2
45
0
0
0
0
0
1
0
1
301
0
0
0
0
0
0
0
1
0
1
302
0
1
0
0
0
0
0
1
0
4
358
2
45
0
0
0
0
0
1
0
1
686
0
0
0
0
0
0
0
1
0
1
692
0
1
0
0
0
0
0
1
0
1
0
0
20
0
0
0
0
0
1
0
1
566
0
20
0
0
0
0
0
1
0
3
-1
0
45
0
0
0
0
0
1
0
1
119
0
5
0
0
0
0
0
1
0
0
61
0
45
0
0
0
0
0
0
0
4
333
3
45
0
0
0
0
0
1
0
1
36
0
20
0
0
0
0
0
1
0
1
507
0
20
0
0
0
0
0
1
0
1
583
0
20
0
0
0
0
0
1
0
4
330
4
45
0
0
0
0
0
1
0
1
227
0
29
0
0
0
0
0
1
0
3
-1
0
45
0
0
0
0
0
1
0
0
564
0
45
0
0
0
0
0
1
0
1
664
0
45
0
0
0
0
0
1
0
// Resource
1
303
0
0
290
320
-1
-1
0
0
0
18
3077
305
10
170
270
25
-1
-1
0
1
0
3077
304
10
10
270
25
-1
-1
0
1
0
1029
497
185
275
95
25
17
-1
0
1
0
5
49
85
275
95
25
18
-1
0
1
0
2053
519
90
100
150
25
-1
-1
0
1
0
2053
522
90
40
150
25
-1
-1
0
1
0
3077
306
30
100
55
25
-1
-1
0
1
0
3077
309
30
40
55
25
-1
-1
0
1
0
2053
521
90
70
150
25
-1
-1
0
1
0
2053
520
90
130
150
25
-1
-1
0
1
0
3077
308
30
70
55
25
-1
-1
0
1
0
3077
307
30
130
55
25
-1
-1
0
1
0
2053
540
90
200
150
25
-1
-1
0
1
0
3077
311
30
200
55
25
-1
-1
0
1
0
3077
280
245
200
30
25
-1
-1
0
1
0
2053
539
90
230
150
25
-1
-1
0
1
0
3077
310
30
230
55
25
-1
-1
0
1
0
3077
280
245
230
30
25
-1
-1
0
1
0
// Resource
1
312
0
0
595
345
-1
-1
0
0
0
3
1029
497
485
305
100
25
17
-1
0
1
0
5
49
380
305
100
25
18
-1
0
1
0
8197
584
5
5
585
290
-1
-1
0
1
0
// Resource
1
96
0
0
300
150
-1
-1
0
0
0
13
3077
100
10
10
90
25
-1
-1
0
1
0
3077
99
10
40
90
25
-1
-1
0
1
0
3077
98
10
70
90
25
-1
-1
0
1
0
2053
478
100
10
70
25
-1
-1
0
0
0
2053
476
100
40
70
25
-1
-1
0
0
0
18437
479
205
10
70
25
-1
-1
0
1
0
2053
477
205
40
70
25
-1
-1
0
0
0
18437
514
205
70
70
25
-1
-1
0
1
0
3077
505
280
70
15
25
-1
-1
0
1
0
1029
497
190
110
100
25
17
-1
0
1
0
5
49
85
110
100
25
18
-1
0
1
0
3077
518
175
10
30
25
-1
-1
0
1
0
3077
518
175
40
30
25
-1
-1
0
1
0
// Resource
1
194
0
0
470
240
-1
-1
0
0
0
40
1029
497
360
200
100
25
17
-1
0
1
0
5
49
255
200
100
25
18
-1
0
1
0
7173
198
5
5
460
145
-1
-1
0
1
0
3077
179
10
155
455
35
-1
-1
0
1
0
3077
186
210
10
50
25
-1
202753
0
1
0
2053
270
260
10
50
25
-1
202753
0
1
0
3077
279
315
10
20
25
-1
202753
0
1
0
3077
18
10
10
70
25
-1
202753
0
1
0
3077
94
10
40
70
25
-1
202753
0
1
0
3077
586
10
70
70
25
-1
202753
0
1
0
13317
314
80
10
100
25
-1
202753
0
1
0
13317
316
80
40
100
25
-1
202753
0
1
0
13317
320
80
70
100
25
-1
202753
0
1
0
2053
553
95
10
325
25
-1
202752
0
0
0
3077
187
10
10
80
25
-1
202752
0
1
0
5
147
425
10
25
25
1
202752
0
1
0
6149
555
95
40
355
25
-1
202752
0
0
0
3077
188
10
40
80
25
-1
202752
0
1
0
3077
189
15
70
435
45
-1
202752
0
1
0
3077
190
10
10
100
25
-1
202754
0
1
0
2053
128
115
10
295
25
-1
202754
0
1
0
3077
191
10
40
100
25
-1
202754
0
1
0
2053
585
115
40
50
25
-1
202754
0
1
0
5
557
415
10
35
25
1
202754
0
1
0
3077
192
10
70
100
25
-1
202754
0
1
0
2053
587
115
70
50
25
-1
202754
0
1
0
3077
505
170
70
15
25
-1
202754
0
1
0
3077
193
200
55
140
25
-1
202754
0
1
0
3077
279
170
40
20
25
-1
202754
0
1
0
6149
172
75
10
85
25
-1
202755
0
1
0
3077
183
10
10
65
25
-1
202755
0
1
0
3077
185
175
10
70
25
-1
202755
0
1
0
2053
171
245
10
75
25
-1
202755
0
1
0
3077
279
325
10
20
25
-1
202755
0
1
0
3077
184
10
40
65
25
-1
202755
0
1
0
2053
235
75
40
85
25
-1
202755
0
1
0
3077
281
165
40
45
25
-1
202755
0
1
0
3077
180
10
70
440
50
-1
202755
0
1
0
3077
181
365
250
140
25
-1
202755
0
1
0
3077
182
365
275
140
25
-1
202755
0
1
0
// Resource
1
391
0
0
365
310
-1
-1
0
1
0
37
1029
497
260
270
95
25
17
-1
0
1
0
5
49
160
270
95
25
18
-1
0
1
0
5
565
50
270
105
25
19
-1
0
1
0
7173
392
5
5
355
255
-1
-1
0
1
0
4101
75
10
10
335
25
-1
401411
0
1
0
6149
16
75
120
255
25
-1
401411
0
1
0
6149
13
75
150
255
25
-1
401411
0
1
0
6149
641
75
40
255
25
-1
401411
0
1
0
3077
297
10
40
65
25
-1
401411
0
1
0
3077
296
30
120
45
25
-1
401411
0
1
0
3077
294
30
150
45
25
-1
401411
0
1
0
3077
295
10
195
100
25
-1
401411
0
1
0
18437
14
110
195
150
25
-1
401411
0
1
0
3077
505
265
195
25
25
-1
401411
0
1
0
4101
17
10
70
335
25
-1
401411
0
1
0
5125
285
10
100
335
85
-1
401411
0
1
0
4101
70
10
10
335
25
-1
401410
0
1
0
3077
18
35
70
65
25
-1
401410
0
1
0
3077
94
35
100
65
25
-1
401410
0
1
0
3077
586
35
130
65
25
-1
401410
0
1
0
3077
116
35
160
65
25
-1
401410
0
1
0
3077
567
205
130
65
25
-1
401410
0
1
0
18437
319
270
130
65
25
-1
401410
0
1
0
13317
314
100
70
100
25
-1
401410
0
1
0
13317
316
100
100
100
25
-1
401410
0
1
0
13317
320
100
130
100
25
-1
401410
0
1
0
13317
317
100
160
100
25
-1
401410
0
1
0
2053
298
20
85
205
25
-1
401408
0
1
0
5
143
230
85
25
25
1
401408
0
1
0
5
109
260
85
70
25
11
401408
0
1
0
4101
72
10
10
335
25
-1
401408
0
1
0
3077
376
10
60
330
25
-1
401408
0
1
0
3077
380
10
135
330
85
-1
401408
0
1
0
5
315
130
195
105
25
9
401409
0
1
0
8197
321
5
5
345
185
-1
401409
0
1
0
5
313
5
195
120
25
0
401409
0
1
0
5
318
240
195
105
25
21
401409
0
1
0
// Resource
3
393
0
0
355
360
-1
-1
0
0
0
1
8197
300
0
0
0
0
-1
-1
0
1
0
// Resource
0
334
9
0
0
0
0
0
0
0
0
142
4
338
20
45
0
0
0
0
0
1
0
1
432
0
0
0
0
0
0
0
1
0
1
498
0
1
0
0
0
0
0
1
0
1
541
0
2
0
0
0
0
0
1
0
1
542
0
3
0
0
0
0
0
1
0
3
-1
0
45
0
0
0
0
0
1
0
4
341
3
45
0
0
0
0
0
1
0
1
230
0
1
0
0
0
0
0
1
0
1
229
0
1
0
0
0
0
0
1
0
1
231
0
1
0
0
0
0
0
1
0
4
337
1
45
0
0
0
0
0
1
0
0
123
0
45
0
0
0
0
0
1
0
3
-1
0
45
0
0
0
0
0
1
0
0
118
0
45
0
0
0
0
0
1
0
3
-1
0
45
0
0
0
0
0
1
0
4
334
2
45
0
0
0
0
0
1
0
1
395
0
0
0
0
0
0
0
1
0
1
396
0
1
0
0
0
0
0
1
0
4
353
2
45
0
0
0
0
0
1
0
1
494
0
0
0
0
0
0
0
1
0
1
495
0
1
0
0
0
0
0
1
0
4
331
2
45
0
0
0
0
0
1
0
1
250
0
0
0
0
0
0
0
1
0
1
251
0
1
0
0
0
0
0
1
0
4
328
2
45
0
0
0
0
0
1
0
1
169
0
0
0
0
0
0
0
1
0
1
170
0
1
0
0
0
0
0
1
0
4
332
2
45
0
0
0
0
0
1
0
1
301
0
0
0
0
0
0
0
1
0
1
302
0
1
0
0
0
0
0
1
0
4
358
2
45
0
0
0
0
0
1
0
1
686
0
0
0
0
0
0
0
1
0
1
692
0
1
0
0
0
0
0
1
0
1
0
0
20
0
0
0
0
0
1
0
1
566
0
20
0
0
0
0
0
1
0
3
-1
0
45
0
0
0
0
0
1
0
1
119
0
5
0
0
0
0
0
1
0
0
62
0
45
0
0
0
0
0
0
0
4
342
11
45
0
0
0
0
0
1
0
2
402
0
45
0
0
0
0
0
1
0
2
403
0
45
0
0
0
0
0
1
0
2
398
0
45
0
0
0
0
0
1
0
3
-1
0
45
0
0
0
0
0
1
0
2
409
0
45
0
0
0
0
0
1
0
2
399
0
45
0
0
0
0
0
1
0
2
408
0
45
0
0
0
0
0
1
0
2
405
0
45
0
0
0
0
0
1
0
2
407
0
45
0
0
0
0
0
1
0
3
-1
0
45
0
0
0
0
0
1
0
1
410
0
20
0
0
0
0
0
1
0
4
336
17
45
0
0
0
0
0
1
0
0
431
0
45
0
0
0
0
0
0
0
0
459
0
45
0
0
0
0
0
1
0
0
460
0
45
0
0
0
0
0
1
0
3
-1
0
45
0
0
0
0
0
1
0
0
563
0
45
0
0
0
0
0
0
0
0
456
0
45
0
0
0
0
0
1
0
0
452
0
45
0
0
0
0
0
1
0
0
443
0
45
0
0
0
0
0
1
0
0
438
0
45
0
0
0
0
0
1
0
0
444
0
45
0
0
0
0
0
1
0
0
451
0
45
0
0
0
0
0
1
0
3
-1
0
45
0
0
0
0
0
1
0
0
448
0
45
0
0
0
0
0
1
0
3
-1
0
45
0
0
0
0
0
1
0
0
252
0
45
0
0
0
0
0
0
0
0
450
0
45
0
0
0
0
0
1
0
0
457
0
45
0
0
0
0
0
1
0
4
345
17
45
0
0
0
0
0
1
0
0
562
0
45
0
0
0
0
0
1
0
2
561
0
45
0
0
0
0
0
1
0
3
-1
0
45
0
0
0
0
0
1
0
0
238
0
45
0
0
0
0
0
1
0
0
51
0
45
0
0
0
0
0
1
0
0
430
0
45
0
0
0
0
0
1
0
1
69
0
8
0
0
0
0
0
1
0
0
117
0
45
0
0
0
0
0
1
0
0
10
0
45
0
0
0
0
0
1
0
0
637
0
45
0
0
0
0
0
1
0
3
-1
0
45
0
0
0
0
0
1
0
1
54
0
0
0
0
0
0
0
1
0
1
50
0
1
0
0
0
0
0
1
0
3
-1
0
45
0
0
0
0
0
1
0
1
52
0
6
0
0
0
0
0
1
0
1
502
0
7
0
0
0
0
0
1
0
1
78
0
9
0
0
0
0
0
1
0
4
335
10
45
0
0
0
0
0
1
0
4
344
12
45
0
0
0
0
0
1
0
0
253
0
45
0
0
0
0
0
0
0
0
468
0
45
0
0
0
0
0
1
0
0
467
0
45
0
0
0
0
0
1
0
0
469
0
45
0
0
0
0
0
1
0
0
466
0
45
0
0
0
0
0
1
0
3
-1
0
45
0
0
0
0
0
1
0
0
11
0
45
0
0
0
0
0
0
0
2
464
0
45
0
0
0
0
0
1
0
2
462
0
45
0
0
0
0
0
1
0
2
465
0
45
0
0
0
0
0
1
0
2
461
0
45
0
0
0
0
0
1
0
2
463
0
45
0
0
0
0
0
0
0
4
340
3
45
0
0
0
0
0
1
0
0
195
0
45
0
0
0
0
0
0
0
1
196
0
0
0
0
0
0
0
1
0
1
197
0
9
0
0
0
0
0
1
0
3
-1
0
45
0
0
0
0
0
1
0
0
57
0
45
0
0
0
0
0
0
0
0
400
0
45
0
0
0
0
0
1
0
0
640
0
45
0
0
0
0
0
1
0
0
371
0
45
0
0
0
0
0
1
0
0
406
0
45
0
0
0
0
0
1
0
3
-1
0
45
0
0
0
0
0
1
0
0
401
0
45
0
0
0
0
0
1
0
4
339
8
45
0
0
0
0
0
1
0
0
354
0
45
0
0
0
0
0
0
0
2
534
0
45
0
0
0
0
0
1
0
2
543
0
45
0
0
0
0
0
1
0
2
544
0
45
0
0
0
0
0
1
0
2
369
0
45
0
0
0
0
0
1
0
3
-1
0
45
0
0
0
0
0
1
0
1
68
0
8
0
0
0
0
0
1
0
0
97
0
45
0
0
0
0
0
1
0
4
349
9
45
0
0
0
0
0
1
0
4
350
2
45
0
0
0
0
0
1
0
0
657
0
45
0
0
0
0
0
1
0
0
656
0
45
0
0
0
0
0
1
0
4
347
4
45
0
0
0
0
0
1
0
2
83
0
45
0
0
0
0
0
1
0
2
84
0
45
0
0
0
0
0
1
0
2
85
0
45
0
0
0
0
0
1
0
2
86
0
45
0
0
0
0
0
1
0
3
-1
0
45
0
0
0
0
0
1
0
2
667
0
45
0
0
0
0
0
1
0
2
221
0
45
0
0
0
0
0
1
0
2
265
0
45
0
0
0
0
0
1
0
3
-1
0
45
0
0
0
0
0
1
0
1
499
0
39
0
0
0
0
0
1
0
2
665
0
45
0
0
0
0
0
1
0
4
330
4
45
0
0
0
0
0
1
0
1
227
0
29
0
0
0
0
0
1
0
3
-1
0
45
0
0
0
0
0
1
0
0
564
0
45
0
0
0
0
0
1
0
1
664
0
45
0
0
0
0
0
1
0
// Resource
0
351
6
0
0
0
0
0
0
0
0
81
4
327
19
45
0
0
0
0
0
1
0
1
432
0
0
0
0
0
0
0
1
0
1
498
0
1
0
0
0
0
0
1
0
1
541
0
2
0
0
0
0
0
1
0
1
542
0
3
0
0
0
0
0
1
0
3
-1
0
45
0
0
0
0
0
1
0
4
341
2
45
0
0
0
0
0
1
0
1
230
0
1
0
0
0
0
0
1
0
1
229
0
1
0
0
0
0
0
1
0
3
-1
0
45
0
0
0
0
0
1
0
0
118
0
45
0
0
0
0
0
1
0
3
-1
0
45
0
0
0
0
0
1
0
4
334
2
45
0
0
0
0
0
1
0
1
395
0
0
0
0
0
0
0
1
0
1
396
0
1
0
0
0
0
0
1
0
4
353
2
45
0
0
0
0
0
1
0
1
494
0
0
0
0
0
0
0
1
0
1
495
0
1
0
0
0
0
0
1
0
4
331
2
45
0
0
0
0
0
1
0
1
250
0
0
0
0
0
0
0
1
0
1
251
0
1
0
0
0
0
0
1
0
4
328
2
45
0
0
0
0
0
1
0
1
169
0
0
0
0
0
0
0
1
0
1
170
0
1
0
0
0
0
0
1
0
4
332
2
45
0
0
0
0
0
1
0
1
301
0
0
0
0
0
0
0
1
0
1
302
0
1
0
0
0
0
0
1
0
4
358
2
45
0
0
0
0
0
1
0
1
686
0
0
0
0
0
0
0
1
0
1
692
0
1
0
0
0
0
0
1
0
1
0
0
20
0
0
0
0
0
1
0
1
566
0
20
0
0
0
0
0
1
0
3
-1
0
45
0
0
0
0
0
1
0
1
119
0
5
0
0
0
0
0
1
0
0
63
0
45
0
0
0
0
0
0
0
4
342
11
45
0
0
0
0
0
1
0
2
402
0
45
0
0
0
0
0
1
0
2
403
0
45
0
0
0
0
0
1
0
2
398
0
45
0
0
0
0
0
1
0
3
-1
0
45
0
0
0
0
0
1
0
2
409
0
45
0
0
0
0
0
1
0
2
399
0
45
0
0
0
0
0
1
0
2
408
0
45
0
0
0
0
0
1
0
2
405
0
45
0
0
0
0
0
1
0
2
407
0
45
0
0
0
0
0
1
0
3
-1
0
45
0
0
0
0
0
1
0
1
410
0
20
0
0
0
0
0
1
0
4
343
12
45
0
0
0
0
0
1
0
2
411
0
45
0
0
0
0
0
1
0
3
-1
0
45
0
0
0
0
0
1
0
0
418
0
45
0
0
0
0
0
0
0
1
52
0
6
0
0
0
0
0
1
0
1
502
0
7
0
0
0
0
0
1
0
1
417
0
9
0
0
0
0
0
1
0
3
-1
0
45
0
0
0
0
0
1
0
0
416
0
45
0
0
0
0
0
0
0
1
414
0
28
0
0
0
0
0
1
0
1
412
0
27
0
0
0
0
0
1
0
1
413
0
9
0
0
0
0
0
1
0
1
415
0
0
0
0
0
0
0
1
0
4
349
9
45
0
0
0
0
0
1
0
4
350
2
45
0
0
0
0
0
1
0
0
657
0
45
0
0
0
0
0
1
0
0
656
0
45
0
0
0
0
0
1
0
4
347
4
45
0
0
0
0
0
1
0
2
83
0
45
0
0
0
0
0
1
0
2
84
0
45
0
0
0
0
0
1
0
2
85
0
45
0
0
0
0
0
1
0
2
86
0
45
0
0
0
0
0
1
0
3
-1
0
45
0
0
0
0
0
1
0
2
667
0
45
0
0
0
0
0
1
0
2
221
0
45
0
0
0
0
0
1
0
2
265
0
45
0
0
0
0
0
1
0
3
-1
0
45
0
0
0
0
0
1
0
1
499
0
39
0
0
0
0
0
1
0
2
665
0
45
0
0
0
0
0
1
0
4
330
4
45
0
0
0
0
0
1
0
1
227
0
29
0
0
0
0
0
1
0
3
-1
0
45
0
0
0
0
0
1
0
0
564
0
45
0
0
0
0
0
1
0
1
664
0
45
0
0
0
0
0
1
0
// Resource
1
439
0
0
230
105
-1
-1
0
1
0
7
7173
423
5
5
220
95
-1
-1
0
1
0
3077
441
10
10
140
25
-1
433152
0
1
0
18437
424
150
10
60
25
-1
433152
0
1
0
3077
442
10
40
140
25
-1
433152
0
1
0
18437
425
150
40
60
25
-1
433152
0
1
0
3077
440
10
10
140
25
-1
433153
0
1
0
18437
422
150
10
60
25
-1
433153
0
1
0
// Resource
1
445
0
0
180
135
-1
-1
0
1
0
6
3077
447
10
10
55
25
-1
-1
0
1
0
18437
428
65
10
60
25
-1
-1
0
1
0
3077
446
10
40
55
25
-1
-1
0
1
0
18437
426
65
40
60
25
-1
-1
0
1
0
4101
427
10
70
160
25
-1
-1
0
1
0
4101
429
10
100
160
25
-1
-1
0
1
0
// Resource
1
453
0
0
165
70
-1
-1
0
1
0
4
3077
454
10
10
85
25
-1
-1
0
1
0
18437
470
95
10
60
25
-1
-1
0
1
0
3077
455
10
35
85
25
-1
-1
0
1
0
18437
471
95
35
60
25
-1
-1
0
1
0
// Resource
1
373
0
0
355
410
-1
-1
0
0
0
67
1029
497
245
370
100
25
17
-1
0
1
0
5
49
140
370
100
25
18
-1
0
1
0
5
37
25
370
110
25
19
-1
0
1
0
7173
379
5
5
345
350
-1
-1
0
1
0
4101
508
100
95
200
25
-1
388098
0
1
0
4101
509
80
65
220
25
-1
388098
0
1
0
3077
261
85
95
15
20
-1
388098
0
1
0
3077
378
10
130
325
25
-1
388098
0
1
0
2053
598
50
180
90
25
-1
388098
0
1
0
2053
599
145
180
90
25
-1
388098
0
1
0
2053
601
145
210
90
25
-1
388098
0
1
0
2053
603
240
240
90
25
-1
388098
0
1
0
2053
600
240
180
90
25
-1
388098
0
1
0
2053
602
240
210
90
25
-1
388098
0
1
0
3077
700
30
180
20
25
-1
388098
0
1
0
3077
700
90
155
15
25
-1
388098
0
1
0
3077
703
30
210
20
25
-1
388098
0
1
0
3077
706
30
240
20
25
-1
388098
0
1
0
3077
703
185
155
15
25
-1
388098
0
1
0
3077
706
280
155
15
25
-1
388098
0
1
0
4101
216
80
265
120
20
-1
388098
0
1
0
2053
282
80
35
220
25
-1
388098
0
1
0
3077
385
30
35
50
25
-1
388098
0
1
0
3077
323
305
35
20
25
-1
388098
0
1
0
3077
377
10
10
325
25
-1
388098
0
1
0
3077
375
10
10
325
25
-1
388096
0
1
0
3077
374
10
160
325
25
-1
388096
0
1
0
2053
88
90
65
80
25
-1
388096
0
1
0
3077
384
30
65
60
25
-1
388096
0
1
0
2053
89
90
95
80
25
-1
388096
0
1
0
3077
383
30
95
60
25
-1
388096
0
1
0
2053
87
90
35
80
25
-1
388096
0
1
0
3077
382
30
35
60
25
-1
388096
0
1
0
5
210
215
65
120
25
14
388096
0
1
0
2053
90
275
185
40
25
-1
388096
0
1
0
2053
92
275
245
40
25
-1
388096
0
1
0
5
212
50
215
105
25
14
388096
0
1
0
3077
505
320
185
15
25
-1
388096
0
1
0
3077
505
320
245
15
25
-1
388096
0
1
0
4101
214
160
215
175
25
-1
388096
0
1
0
4101
211
30
125
305
25
-1
388096
0
1
0
3077
384
30
185
60
25
-1
388096
0
1
0
3077
383
30
245
60
25
-1
388096
0
1
0
5
213
50
275
105
25
14
388096
0
1
0
4101
215
160
275
175
25
-1
388096
0
1
0
3077
279
175
35
15
25
-1
388096
0
1
0
3077
279
175
95
15
25
-1
388096
0
1
0
3077
279
175
65
15
25
-1
388096
0
1
0
14341
91
95
185
175
25
-1
388096
0
0
0
14341
93
95
245
175
25
-1
388096
0
0
0
9221
300
10
10
325
300
-1
388097
0
1
0
2053
394
95
10
240
25
-1
388099
0
1
0
3077
387
10
10
80
25
-1
388099
0
1
0
18437
475
180
75
155
25
-1
388099
0
1
0
3077
386
10
75
165
25
-1
388099
0
1
0
8197
390
10
105
325
180
-1
388099
0
1
0
5
80
105
290
150
25
9
388099
0
1
0
2053
372
95
40
240
25
-1
388099
0
1
0
3077
381
10
40
80
25
-1
388099
0
1
0
2053
548
70
10
235
25
-1
388100
0
1
0
3077
388
10
10
60
25
-1
388100
0
1
0
5
554
310
10
25
25
1
388100
0
1
0
8197
556
20
100
315
215
-1
388100
0
1
0
3077
389
5
45
330
25
-1
388100
0
1
0
3077
496
20
70
120
25
-1
388100
0
1
0
18437
322
145
70
70
25
-1
388100
0
1
0
6149
397
220
70
115
25
-1
388100
0
1
0
// Resource
1
535
0
0
155
105
-1
-1
0
1
0
9
3077
700
10
10
20
25
-1
-1
0
1
0
2053
536
30
10
100
25
-1
-1
0
1
0
3077
77
135
10
15
25
-1
-1
0
1
0
3077
700
10
40
20
25
-1
-1
0
1
0
2053
536
30
40
100
25
-1
-1
0
1
0
3077
77
135
40
15
25
-1
-1
0
1
0
3077
706
10
70
20
25
-1
-1
0
1
0
2053
537
30
70
100
25
-1
-1
0
1
0
3077
77
135
70
15
25
-1
-1
0
1
0
// Resource
1
547
0
0
155
105
-1
-1
0
1
0
9
3077
700
10
10
20
25
-1
-1
0
1
0
2053
545
30
10
100
25
-1
-1
0
1
0
3077
505
135
10
15
25
-1
-1
0
1
0
3077
700
10
40
20
25
-1
-1
0
1
0
2053
545
30
40
100
25
-1
-1
0
1
0
3077
505
135
40
15
25
-1
-1
0
1
0
3077
706
10
70
20
25
-1
-1
0
1
0
2053
546
30
70
100
25
-1
-1
0
1
0
3077
505
135
70
15
25
-1
-1
0
1
0
// Resource
0
355
6
0
0
0
0
0
0
0
0
80
4
327
19
45
0
0
0
0
0
1
0
1
432
0
0
0
0
0
0
0
1
0
1
498
0
1
0
0
0
0
0
1
0
1
541
0
2
0
0
0
0
0
1
0
1
542
0
3
0
0
0
0
0
1
0
3
-1
0
45
0
0
0
0
0
1
0
4
341
2
45
0
0
0
0
0
1
0
1
230
0
1
0
0
0
0
0
1
0
1
229
0
1
0
0
0
0
0
1
0
3
-1
0
45
0
0
0
0
0
1
0
0
118
0
45
0
0
0
0
0
1
0
3
-1
0
45
0
0
0
0
0
1
0
4
334
2
45
0
0
0
0
0
1
0
1
395
0
0
0
0
0
0
0
1
0
1
396
0
1
0
0
0
0
0
1
0
4
353
2
45
0
0
0
0
0
1
0
1
494
0
0
0
0
0
0
0
1
0
1
495
0
1
0
0
0
0
0
1
0
4
331
2
45
0
0
0
0
0
1
0
1
250
0
0
0
0
0
0
0
1
0
1
251
0
1
0
0
0
0
0
1
0
4
328
2
45
0
0
0
0
0
1
0
1
169
0
0
0
0
0
0
0
1
0
1
170
0
1
0
0
0
0
0
1
0
4
332
2
45
0
0
0
0
0
1
0
1
301
0
0
0
0
0
0
0
1
0
1
302
0
1
0
0
0
0
0
1
0
4
358
2
45
0
0
0
0
0
1
0
1
686
0
0
0
0
0
0
0
1
0
1
692
0
1
0
0
0
0
0
1
0
1
0
0
20
0
0
0
0
0
1
0
1
566
0
20
0
0
0
0
0
1
0
3
-1
0
45
0
0
0
0
0
1
0
1
119
0
5
0
0
0
0
0
1
0
0
64
0
45
0
0
0
0
0
0
0
4
342
11
45
0
0
0
0
0
1
0
2
402
0
45
0
0
0
0
0
1
0
2
403
0
45
0
0
0
0
0
1
0
2
398
0
45
0
0
0
0
0
1
0
3
-1
0
45
0
0
0
0
0
1
0
2
409
0
45
0
0
0
0
0
1
0
2
399
0
45
0
0
0
0
0
1
0
2
408
0
45
0
0
0
0
0
1
0
2
405
0
45
0
0
0
0
0
1
0
2
407
0
45
0
0
0
0
0
1
0
3
-1
0
45
0
0
0
0
0
1
0
1
410
0
20
0
0
0
0
0
1
0
4
346
11
45
0
0
0
0
0
1
0
1
576
0
1
0
0
0
0
0
1
0
3
-1
0
45
0
0
0
0
0
1
0
0
580
0
45
0
0
0
0
0
0
0
1
574
0
1
0
0
0
0
0
1
0
1
579
0
9
0
0
0
0
0
1
0
1
575
0
11
0
0
0
0
0
1
0
1
581
0
9
0
0
0
0
0
1
0
1
78
0
9
0
0
0
0
0
1
0
3
-1
0
45
0
0
0
0
0
1
0
1
578
0
0
0
0
0
0
0
1
0
1
577
0
6
0
0
0
0
0
1
0
4
349
9
45
0
0
0
0
0
1
0
4
350
2
45
0
0
0
0
0
1
0
0
657
0
45
0
0
0
0
0
1
0
0
656
0
45
0
0
0
0
0
1
0
4
347
4
45
0
0
0
0
0
1
0
2
83
0
45
0
0
0
0
0
1
0
2
84
0
45
0
0
0
0
0
1
0
2
85
0
45
0
0
0
0
0
1
0
2
86
0
45
0
0
0
0
0
1
0
3
-1
0
45
0
0
0
0
0
1
0
2
667
0
45
0
0
0
0
0
1
0
2
221
0
45
0
0
0
0
0
1
0
2
265
0
45
0
0
0
0
0
1
0
3
-1
0
45
0
0
0
0
0
1
0
1
499
0
39
0
0
0
0
0
1
0
2
665
0
45
0
0
0
0
0
1
0
4
330
4
45
0
0
0
0
0
1
0
1
227
0
29
0
0
0
0
0
1
0
3
-1
0
45
0
0
0
0
0
1
0
0
564
0
45
0
0
0
0
0
1
0
1
664
0
45
0
0
0
0
0
1
0
// Resource
0
348
5
0
0
0
0
0
0
0
0
5
0
636
0
45
0
0
0
0
0
0
0
3
-1
0
45
0
0
0
0
0
1
0
1
632
0
10
0
0
0
0
0
1
0
1
633
0
9
0
0
0
0
0
1
0
1
634
0
9
0
0
0
0
0
1
0
// Resource
1
433
0
0
280
75
-1
-1
0
0
0
6
1029
497
165
10
100
25
17
-1
0
1
0
5
49
165
40
100
25
18
-1
0
1
0
6149
435
60
40
80
25
-1
-1
0
1
0
3077
437
10
40
50
25
-1
-1
0
1
0
3077
436
10
10
50
25
-1
-1
0
1
0
18437
434
60
10
80
25
-1
-1
0
1
0
// Resource
1
458
0
0
405
280
-1
-1
0
0
0
25
1029
497
295
240
100
25
17
-1
0
1
0
5
49
190
240
100
25
18
-1
0
1
0
5125
613
140
140
125
85
-1
-1
0
1
0
3077
279
240
160
20
25
-1
-1
0
1
0
2053
503
150
160
85
25
-1
-1
0
0
0
2053
504
150
190
85
25
-1
-1
0
0
0
3077
279
240
190
20
25
-1
-1
0
1
0
5125
614
30
140
105
85
-1
-1
0
1
0
3077
700
40
160
20
25
-1
-1
0
1
0
18437
480
60
160
60
25
-1
-1
0
1
0
3077
706
40
190
20
25
-1
-1
0
1
0
18437
481
60
190
60
25
-1
-1
0
1
0
3077
606
10
10
385
25
-1
-1
0
1
0
3077
611
30
40
100
25
-1
-1
0
1
0
2053
224
130
40
235
25
-1
-1
0
0
0
5
225
370
40
25
25
1
-1
0
1
0
3077
610
30
70
100
25
-1
-1
0
1
0
2053
223
130
70
235
25
-1
-1
0
1
0
3077
279
370
70
25
25
-1
-1
0
1
0
5125
615
270
140
125
85
-1
-1
0
1
0
3077
279
370
160
20
25
-1
-1
0
1
0
2053
627
280
160
85
25
-1
-1
0
1
0
2053
628
280
190
85
25
-1
-1
0
1
0
3077
279
370
190
20
25
-1
-1
0
1
0
3077
607
10
110
385
25
-1
-1
0
1
0
// Resource
0
352
2
0
0
0
0
0
0
0
0
6
0
65
0
45
0
0
0
0
0
0
0
4
330
4
45
0
0
0
0
0
1
0
1
227
0
29
0
0
0
0
0
1
0
0
259
0
45
0
0
0
0
0
1
0
3
-1
0
45
0
0
0
0
0
1
0
1
664
0
45
0
0
0
0
0
1
0
// Resource
1
483
0
0
410
425
-1
639
0
0
0
31
7173
484
5
5
400
350
-1
-1
0
1
0
2053
421
60
10
220
25
-1
495616
0
0
0
3077
490
10
10
50
25
-1
495616
0
1
0
2053
370
60
40
220
25
-1
495616
0
1
0
3077
489
10
40
50
25
-1
495616
0
1
0
2053
517
60
100
220
25
-1
495616
0
1
0
3077
491
10
100
50
25
-1
495616
0
1
0
2053
282
60
130
220
25
-1
495616
0
1
0
3077
487
10
130
50
25
-1
495616
0
1
0
2053
264
60
160
220
25
-1
495616
0
1
0
3077
486
10
160
50
25
-1
495616
0
1
0
5
559
285
40
25
25
1
495616
0
1
0
4101
508
30
260
250
25
-1
495616
0
1
0
4101
509
10
230
270
25
-1
495616
0
1
0
2053
239
60
70
220
25
-1
495616
0
1
0
3077
485
10
70
50
25
-1
495616
0
1
0
5
558
285
70
25
25
1
495616
0
1
0
5
110
315
40
75
25
11
495616
0
1
0
5
108
315
70
75
25
11
495616
0
1
0
3077
261
15
260
15
20
-1
495616
0
1
0
3077
279
285
100
20
25
-1
495616
0
1
0
3077
323
285
130
20
25
-1
495616
0
1
0
2053
475
180
190
100
25
-1
495616
0
1
0
3077
488
10
190
165
25
-1
495616
0
1
0
2053
548
70
10
290
25
-1
495617
0
1
0
3077
492
10
10
60
25
-1
495617
0
1
0
5
554
365
10
25
25
1
495617
0
1
0
8197
556
20
95
370
220
-1
495617
0
1
0
3077
493
5
45
385
25
-1
495617
0
1
0
3077
496
20
65
120
25
-1
495617
0
1
0
2053
322
145
65
245
25
-1
495617
0
1
0
// Resource
0
353
3
0
0
0
0
0
0
0
0
34
4
327
15
45
0
0
0
0
0
1
0
1
432
0
0
0
0
0
0
0
1
0
1
498
0
1
0
0
0
0
0
1
0
1
541
0
2
0
0
0
0
0
1
0
1
542
0
3
0
0
0
0
0
1
0
3
-1
0
45
0
0
0
0
0
1
0
4
334
2
45
0
0
0
0
0
1
0
1
395
0
0
0
0
0
0
0
1
0
1
396
0
1
0
0
0
0
0
1
0
4
353
2
45
0
0
0
0
0
1
0
1
494
0
0
0
0
0
0
0
1
0
1
495
0
1
0
0
0
0
0
1
0
4
331
2
45
0
0
0
0
0
1
0
1
250
0
0
0
0
0
0
0
1
0
1
251
0
1
0
0
0
0
0
1
0
4
328
2
45
0
0
0
0
0
1
0
1
169
0
0
0
0
0
0
0
1
0
1
170
0
1
0
0
0
0
0
1
0
4
332
2
45
0
0
0
0
0
1
0
1
301
0
0
0
0
0
0
0
1
0
1
302
0
1
0
0
0
0
0
1
0
4
358
2
45
0
0
0
0
0
1
0
1
686
0
0
0
0
0
0
0
1
0
1
692
0
1
0
0
0
0
0
1
0
1
0
0
20
0
0
0
0
0
1
0
1
566
0
20
0
0
0
0
0
1
0
3
-1
0
45
0
0
0
0
0
1
0
1
119
0
5
0
0
0
0
0
1
0
0
66
0
45
0
0
0
0
0
0
0
4
330
4
45
0
0
0
0
0
1
0
1
227
0
29
0
0
0
0
0
1
0
3
-1
0
45
0
0
0
0
0
1
0
0
564
0
45
0
0
0
0
0
1
0
1
664
0
45
0
0
0
0
0
1
0
// Resource
2
639
0
0
0
0
0
0
0
1
1
3
0
432
0
0
-1
0
0
0
0
1
0
0
498
0
1
-1
0
0
0
0
1
0
0
541
0
2
-1
0
0
0
0
1
0
// Resource
1
695
0
0
335
145
-1
-1
0
0
0
11
3077
699
10
10
140
25
-1
-1
0
1
0
2053
178
150
10
140
25
-1
-1
0
1
0
6149
276
150
40
175
25
-1
-1
0
1
0
3077
696
10
40
140
25
-1
-1
0
1
0
3077
697
10
70
140
25
-1
-1
0
1
0
2053
263
150
70
60
25
-1
-1
0
1
0
1029
497
225
105
100
25
17
-1
0
1
0
5
49
120
105
100
25
18
-1
0
1
0
5
78
10
105
100
25
9
-1
0
1
0
3077
698
215
70
115
25
-1
-1
0
1
0
5
136
295
10
30
25
1
-1
0
1
0
// Resource
1
694
0
0
245
90
-1
-1
0
0
0
3
1029
497
135
50
100
25
17
-1
0
1
0
5
49
30
50
100
25
18
-1
0
1
0
6149
178
10
10
225
25
-1
-1
0
1
0
// Resource
1
549
0
0
260
115
-1
-1
0
0
0
7
2053
234
65
10
140
25
-1
-1
0
0
0
3077
550
10
10
55
25
-1
-1
0
1
0
3077
552
10
40
55
25
-1
-1
0
1
0
2053
644
65
40
140
25
-1
-1
0
1
0
3077
551
210
40
40
25
-1
-1
0
1
0
1029
497
150
75
100
25
17
-1
0
1
0
5
49
45
75
100
25
18
-1
0
1
0
// Resource
1
605
0
0
435
275
-1
-1
0
0
0
26
1029
497
325
235
100
25
17
-1
0
1
0
5
49
220
235
100
25
18
-1
0
1
0
7173
608
5
5
425
215
-1
-1
0
1
0
5
37
105
235
110
25
19
-1
0
1
0
5125
614
85
65
105
85
-1
622592
0
1
0
5125
613
195
65
125
85
-1
622592
0
1
0
3077
700
95
85
20
25
-1
622592
0
1
0
18437
480
115
85
60
25
-1
622592
0
1
0
3077
706
95
115
20
25
-1
622592
0
1
0
18437
481
115
115
60
25
-1
622592
0
1
0
3077
279
290
85
25
25
-1
622592
0
1
0
3077
609
10
10
100
25
-1
622592
0
1
0
2053
128
115
10
200
25
-1
622592
0
0
0
3077
700
205
85
20
25
-1
622592
0
1
0
2053
503
225
85
60
25
-1
622592
0
1
0
3077
706
205
115
20
25
-1
622592
0
1
0
2053
504
225
115
60
25
-1
622592
0
1
0
3077
279
290
115
25
25
-1
622592
0
1
0
5
617
320
10
95
25
3
622592
0
1
0
5
81
115
155
130
25
9
622593
0
1
0
5
635
250
155
165
25
39
622593
0
1
0
8197
631
5
5
415
140
-1
622593
0
1
0
3077
612
45
40
55
25
-1
622594
0
1
0
2053
283
100
40
275
25
-1
622594
0
1
0
5
299
380
40
25
25
1
622594
0
1
0
4101
72
10
10
210
25
-1
622594
0
1
0
// Resource
0
357
10
0
0
0
0
0
0
0
0
10
0
654
0
45
0
0
0
0
0
0
0
3
-1
0
45
0
0
0
0
0
1
0
0
658
0
45
0
0
0
0
0
1
0
0
653
0
45
0
0
0
0
0
1
0
0
651
0
45
0
0
0
0
0
1
0
0
649
0
45
0
0
0
0
0
1
0
0
659
0
45
0
0
0
0
0
1
0
0
650
0
45
0
0
0
0
0
1
0
0
652
0
45
0
0
0
0
0
1
0
0
655
0
45
0
0
0
0
0
1
0
// Resource
1
662
0
0
640
360
-1
-1
0
0
0
1
8197
663
0
0
640
360
-1
-1
0
1
0
// Resource
1
669
0
0
410
360
-1
-1
0
0
0
52
1029
497
300
320
100
25
17
-1
0
1
0
5
49
195
320
100
25
18
-1
0
1
0
7173
675
5
5
400
305
-1
-1
0
1
0
5
37
80
320
110
25
17
-1
0
1
0
5125
671
10
10
380
55
-1
691201
0
1
0
3077
676
10
220
380
55
-1
691201
0
1
0
8197
582
10
70
300
145
-1
691201
0
1
0
5
529
315
155
75
25
9
691201
0
1
0
3077
683
315
125
75
25
-1
691201
0
1
0
13317
38
155
30
100
25
-1
691201
0
1
0
5125
673
10
10
145
115
-1
691200
0
1
0
5125
672
160
10
230
230
-1
691200
0
1
0
5
420
40
160
100
25
-1
691200
0
0
0
3077
700
20
30
20
25
-1
691200
0
1
0
2053
218
40
30
60
25
-1
691200
0
1
0
3077
281
100
30
45
25
-1
691200
0
1
0
3077
703
20
60
20
25
-1
691200
0
1
0
2053
219
40
60
60
25
-1
691200
0
1
0
3077
281
100
60
45
25
-1
691200
0
1
0
3077
706
20
90
20
25
-1
691200
0
1
0
2053
220
40
90
60
25
-1
691200
0
1
0
3077
281
100
90
45
25
-1
691200
0
1
0
4101
151
210
30
100
25
-1
691200
0
1
0
6149
153
300
60
80
25
-1
691200
0
1
0
3077
678
170
150
130
25
-1
691200
0
1
0
2053
150
300
150
80
25
-1
691200
0
1
0
3077
681
170
90
130
25
-1
691200
0
1
0
2053
154
300
90
80
25
-1
691200
0
1
0
3077
679
170
120
130
25
-1
691200
0
1
0
2053
152
300
120
80
25
-1
691200
0
1
0
3077
680
170
60
130
25
-1
691200
0
1
0
3077
677
170
180
130
25
-1
691200
0
1
0
13317
149
300
180
80
25
-1
691200
0
1
0
8197
556
10
40
380
230
-1
691203
0
1
0
3077
682
10
10
125
25
-1
691203
0
1
0
18437
322
135
10
100
25
-1
691203
0
1
0
5125
674
10
10
380
170
-1
691202
0
1
0
5125
670
10
185
380
65
-1
691202
0
1
0
4101
592
35
45
100
25
-1
691202
0
1
0
3077
684
20
115
275
25
-1
691202
0
1
0
18437
589
295
115
60
25
-1
691202
0
1
0
3077
77
360
115
20
25
-1
691202
0
1
0
3077
685
20
145
275
25
-1
691202
0
1
0
18437
590
295
145
60
25
-1
691202
0
1
0
3077
77
360
145
20
25
-1
691202
0
1
0
3077
18
160
25
65
25
-1
691202
0
1
0
3077
94
160
55
65
25
-1
691202
0
1
0
3077
586
160
85
65
25
-1
691202
0
1
0
13317
588
225
25
100
25
-1
691202
0
1
0
13317
591
225
55
100
25
-1
691202
0
1
0
13317
594
225
85
100
25
-1
691202
0
1
0
13317
18
150
205
100
25
-1
691202
0
1
0
// Resource
1
266
0
0
420
485
-1
-1
0
0
0
16
1029
497
310
445
100
25
17
-1
0
1
0
5
49
205
445
100
25
18
-1
0
1
0
8197
267
10
10
400
265
-1
-1
0
1
0
3077
274
10
310
160
25
-1
-1
0
1
0
18437
532
175
310
85
25
-1
-1
0
1
0
3077
279
265
310
30
25
-1
-1
0
1
0
6149
269
10
280
400
25
-1
-1
0
1
0
6149
268
300
310
110
25
-1
-1
0
1
0
3077
273
10
340
160
25
-1
-1
0
1
0
18437
506
175
340
85
25
-1
-1
0
1
0
3077
271
10
370
160
25
-1
-1
0
1
0
18437
39
175
370
85
25
-1
-1
0
1
0
4101
12
265
370
145
25
-1
-1
0
1
0
3077
272
10
400
160
25
-1
-1
0
1
0
18437
120
175
400
85
25
-1
-1
0
1
0
4101
531
10
445
100
25
-1
-1
0
1
0
// Resource
0
358
6
0
0
0
0
0
0
0
0
96
4
361
20
45
0
0
0
0
0
1
0
1
432
0
0
0
0
0
0
0
1
0
1
498
0
1
0
0
0
0
0
1
0
1
541
0
2
0
0
0
0
0
1
0
1
542
0
3
0
0
0
0
0
1
0
3
-1
0
45
0
0
0
0
0
1
0
4
360
2
45
0
0
0
0
0
1
0
0
122
0
45
0
0
0
0
0
1
0
0
125
0
45
0
0
0
0
0
1
0
4
363
2
45
0
0
0
0
0
1
0
0
232
0
45
0
0
0
0
0
1
0
0
233
0
45
0
0
0
0
0
1
0
3
-1
0
45
0
0
0
0
0
1
0
0
118
0
45
0
0
0
0
0
1
0
3
-1
0
45
0
0
0
0
0
1
0
4
334
2
45
0
0
0
0
0
1
0
1
395
0
0
0
0
0
0
0
1
0
1
396
0
1
0
0
0
0
0
1
0
4
353
2
45
0
0
0
0
0
1
0
1
494
0
0
0
0
0
0
0
1
0
1
495
0
1
0
0
0
0
0
1
0
4
331
2
45
0
0
0
0
0
1
0
1
250
0
0
0
0
0
0
0
1
0
1
251
0
1
0
0
0
0
0
1
0
4
328
2
45
0
0
0
0
0
1
0
1
169
0
0
0
0
0
0
0
1
0
1
170
0
1
0
0
0
0
0
1
0
4
332
2
45
0
0
0
0
0
1
0
1
301
0
0
0
0
0
0
0
1
0
1
302
0
1
0
0
0
0
0
1
0
4
358
2
45
0
0
0
0
0
1
0
1
686
0
0
0
0
0
0
0
1
0
1
692
0
1
0
0
0
0
0
1
0
1
0
0
20
0
0
0
0
0
1
0
1
566
0
20
0
0
0
0
0
1
0
3
-1
0
45
0
0
0
0
0
1
0
1
119
0
5
0
0
0
0
0
1
0
0
67
0
45
0
0
0
0
0
0
0
4
359
10
45
0
0
0
0
0
1
0
0
365
0
45
0
0
0
0
0
0
0
1
55
0
1
0
0
0
0
0
1
0
1
604
0
0
0
0
0
0
0
1
0
1
616
0
1
0
0
0
0
0
1
0
1
112
0
11
0
0
0
0
0
1
0
3
-1
0
45
0
0
0
0
0
1
0
1
47
0
0
0
0
0
0
0
1
0
1
48
0
1
0
0
0
0
0
1
0
3
-1
0
45
0
0
0
0
0
1
0
0
593
0
45
0
0
0
0
0
1
0
4
364
14
45
0
0
0
0
0
1
0
0
367
0
45
0
0
0
0
0
0
0
1
114
0
11
0
0
0
0
0
1
0
2
113
0
45
0
0
0
0
0
1
0
3
-1
0
45
0
0
0
0
0
1
0
0
366
0
45
0
0
0
0
0
0
0
0
226
0
45
0
0
0
0
0
1
0
0
500
0
45
0
0
0
0
0
1
0
1
53
0
44
0
0
0
0
0
1
0
3
-1
0
45
0
0
0
0
0
1
0
1
52
0
6
0
0
0
0
0
1
0
1
502
0
7
0
0
0
0
0
1
0
1
78
0
9
0
0
0
0
0
1
0
3
-1
0
45
0
0
0
0
0
1
0
1
560
0
20
0
0
0
0
0
1
0
4
368
14
45
0
0
0
0
0
1
0
4
350
2
45
0
0
0
0
0
1
0
0
657
0
45
0
0
0
0
0
1
0
0
656
0
45
0
0
0
0
0
1
0
4
356
10
45
0
0
0
0
0
1
0
2
618
0
45
0
0
0
0
0
1
0
3
-1
0
45
0
0
0
0
0
1
0
2
619
0
45
0
0
0
0
0
1
0
2
620
0
45
0
0
0
0
0
1
0
2
621
0
45
0
0
0
0
0
1
0
2
622
0
45
0
0
0
0
0
1
0
2
623
0
45
0
0
0
0
0
1
0
2
624
0
45
0
0
0
0
0
1
0
2
625
0
45
0
0
0
0
0
1
0
2
626
0
45
0
0
0
0
0
1
0
3
-1
0
45
0
0
0
0
0
1
0
2
667
0
45
0
0
0
0
0
1
0
2
221
0
45
0
0
0
0
0
1
0
2
265
0
45
0
0
0
0
0
1
0
2
572
0
45
0
0
0
0
0
1
0
3
-1
0
45
0
0
0
0
0
1
0
2
571
0
45
0
0
0
0
0
1
0
2
573
0
45
0
0
0
0
0
1
0
2
570
0
45
0
0
0
0
0
1
0
3
-1
0
45
0
0
0
0
0
1
0
1
499
0
39
0
0
0
0
0
1
0
2
665
0
45
0
0
0
0
0
1
0
4
362
4
45
0
0
0
0
0
1
0
1
227
0
29
0
0
0
0
0
1
0
3
-1
0
45
0
0
0
0
0
1
0
0
564
0
45
0
0
0
0
0
1
0
1
664
0
45
0
0
0
0
0
1
0
// Resource
1
687
0
0
390
190
-1
-1
0
1
0
29
5125
689
10
70
120
110
-1
-1
0
1
0
5125
688
140
70
120
110
-1
-1
0
1
0
1029
497
280
90
100
25
17
-1
0
1
0
5
49
280
120
100
25
18
-1
0
1
0
3077
700
20
90
20
25
-1
-1
0
1
0
2053
510
40
90
65
25
-1
-1
0
1
0
3077
703
20
120
20
25
-1
-1
0
1
0
2053
511
40
120
65
25
-1
-1
0
1
0
3077
706
20
150
20
25
-1
-1
0
1
0
2053
512
40
150
65
25
-1
-1
0
1
0
2053
19
170
90
65
25
-1
-1
0
1
0
3077
703
150
120
20
25
-1
-1
0
1
0
2053
20
170
120
65
25
-1
-1
0
1
0
3077
706
150
150
20
25
-1
-1
0
1
0
2053
21
170
150
65
25
-1
-1
0
1
0
3077
77
235
90
20
25
-1
-1
0
1
0
3077
77
235
120
20
25
-1
-1
0
1
0
3077
77
235
150
20
25
-1
-1
0
1
0
3077
690
10
10
50
25
-1
-1
0
1
0
2053
421
50
10
220
25
-1
-1
0
1
0
5
37
280
150
100
25
19
-1
0
1
0
3077
691
10
40
50
25
-1
-1
0
1
0
2053
260
50
40
220
25
-1
-1
0
0
0
3077
700
150
90
20
25
-1
-1
0
1
0
3077
279
105
90
20
25
-1
-1
0
1
0
3077
279
105
120
20
25
-1
-1
0
1
0
3077
279
105
150
20
25
-1
-1
0
1
0
5
145
275
40
25
25
-1
-1
0
0
0
5
111
305
40
75
25
11
-1
0
1
0
// Resource
3
693
0
0
370
380
-1
-1
0
0
0
1
8197
513
0
0
0
0
-1
-1
0
1
0
// Number Of Languages
3
// Language
Deutsch
// NumIDs
710
// Text
Verwalten

!bold\\fordert
!bold\\Datei
!bold\\gefordert von
Verwaltung
Bearbeiten
Spiel exportieren
Grundeinstellungen
Aktuelles Spiel\\Alle Dateien\\Details\\Überflüssig\\Fehlend
Am Raster ausrichten
Alles
Sonne erlauben
AlphaZero\\AlphaOne\\AlphaSourceColor\\AlphaSourceInvColor\\AlphaSourceAlpha\\AlphaSourceInvAlpha\\AlphaDestColor\\AlphaDestInvColor\\AlphaDestAlpha\\AlphaDestInvAlpha
\\0\\100\\1

AlphaZero\\AlphaOne\\AlphaSourceColor\\AlphaSourceInvColor\\AlphaSourceAlpha\\AlphaSourceInvAlpha\\AlphaDestColor\\AlphaDestInvColor\\AlphaDestAlpha\\AlphaDestInvAlpha
Z-Buffer aktiviert
Ambient



Löschen
Animations-Kontrolle
!bold\\Streckung
Übersicht\\Animation\\Sim\\Import
Frames/s const
Frames/s factor
!bold\\Frame nr.
Name
Num.Frames
Parameter
Geschwindigkeit
!bold\\Eigenschaften
#\\Typ\\Frames\\Name
Neu
Aussehen...
Übernehmen
!alpha
\\0\\100\\0.1
Kamera-Punkt
Position setzen\\Position addieren\\Winkel setzen\\Position&
Wartezeit
Typ
Winkel
Position
Geschwindigkeit
Kamera-Fahrt (neu)...
Kamera-Fahrt (laden)...
Abbrechen
Material wählen...
Punkte vereinen
Kopieren
Lightmap rendern...
Mit neuem Material belegen...
Objekte...

Aktuelles Material
-Verwaltungs-Modus-
-Schrift-Modus-
-Item-Modus-
-Material-Modus-
-Modell-Modus-
-Modell-Modus (Animation)-
-Modell-Modus (Skelett)-
-Leerer-Modus-
-Objekt-Modus-
-Welt-Modus-
Schnittlinie
Ausschneiden
Farben aus dem Material verwenden

Standard-Material verwenden


Transparenz aus dem Material verwenden

°
Löschen
Frame löschen
Item löschen
Ebene löschen

Physik. Oberfläche
hohe Detailstufe
mittlere Detailstufe
niedere Detailstufe







Diffuse

Oberfläche vereinfachen
Vereinfachen
Qualitätsfaktor:
Dreiecke:
Vertexpunkte
Edward
Information\\Einstellungen\\Tasten
Internetseite:
Hersteller:
Sprache:
Version:
Arbeitsverzeichnis:
Bearb.
Bearb.
Bearb.
Bearb.
Scripte...
Markierbar
Vertices bearbeiten

Emission
Ans Ende der Reihenfolge
Plugin ausführen...
Beenden
\\0\\10\\0.05
Exportieren...
Gruppe...
Nach GameStudio...
einzelne Dateien\\Archiv (komprimiert)\\Archiv (unkomprimiert)
Welt




!format=ttttc\\Typ\\Datei\\gefordert von\\fordert\\Fehlend
!format=ttttc\\Typ\\Datei\\gefordert von\\fordert\\Fehlend
!format=ttttc\\Typ\\Datei\\gefordert von\\fordert\\Fehlend
!format=ttttc\\Typ\\Datei\\gefordert von\\fordert\\Fehlend
!format=ttttc\\Typ\\Datei\\gefordert von\\fordert\\Fehlend
!format=ttttc\\Typ\\Datei\\gefordert von\\fordert\\Fehlend









...





aktiviert

Linear\\Exp\\Exp2

Font Eigenschaften
Font\\Zeichen\\Beispiel
Größenfaktor X
Größenfaktor Y
Zeichen
Zeichenhöhe
Breite
Zeichenzahl
Text:
unbek. Zeichen
X1
X2
Y1
Y2
Neu
Öffnen...

Linear\\1/r^2






Art des Effektes wird nach dem zuletzt offenen Tab-Blatt gewählt!
( anziehende Beschleunigung, Linear: maximaler Wert, 1/r^2: Wert bei r=100 le )


Abnahme
Intensität
Reichweite
Radius
Datei:
Funktion:
(Funktion muss vom Typ [ effect func ( vector pos ) ] sein)
Sound-Datei
max. Hörweite
Geschwindigkeit
(muss Mono sein!)
Einen neuen Effekt erstellen...
Markierte Punkte
Neu...
-keinerlei-
Script\\Licht\\Sound\\Kraftfeld
!bold\\Standartwerte des Spiels
!bold\\Ziel
Linux\\Windows 32
Form:
Font:
Material:
!bold\\Verzeichnis
Haupt-Script:
Zweite Welt:
System:
Welt:
berechnen
automatisch berechnen
erzeugen
erzeugen
automatisch
automatisch
automatisch
Das Spiel exportieren



Raster




Höhe = Terrain
Hilfe...
Importieren...
3D Studio Max...
Aus GameStudio...
Lineage II...
Gruppe...
Eigenschaften aus anderer Welt...


für Schleife optimieren
quadrat. Interpolation
Dreiecke umkehren

Item-Eigenschaften
Allgemein\\Script-Variablen
Beschreibung
Anzahl (max)
maximale Anzahl:
Modell
Name
Anzahl
Objekt
Item-Art
Neu
Öffnen...
Phys. Oberfläche
Auswahl

Tasten Kombination
Tastenkombination:
!tree\\Befehl\\Tasten

alle...umbringen

L

0

Beleuchtung
Lightmap erzeugen
!nobar\\a
32 x 32\\64 x 64\\128 x 128\\256 x 256\\512 x 512\\1024 x 1024
Raytracing\\Radiosity\\Radiosity schnell\\Photon Map

Oberflächen-Helligkeit
Helligkeits-Exponent
Zahl der Photonen
Räumliche Auflösung
Lokale statt Online-Dokumentation verwenden
CalcMove 1\\CalcMove 2\\Render 1\\Render 2\\Render 3\\GetInput 1\\GetInput 2
Data/model.png
Beim Start nach Updates suchen
le
le/s
le/s^2


Material-Aussehen
!bold\\Funktion
!bold\\Shining
Farben\\Texturen\\Transparenz\\Reflexion\\Extras
!bold\\DirectX9 Effekt Datei
Intensität:
Texturgröße:
Art:
Intens.:
Länge:
Ziel
Faktor:
Quelle
Art:


!format=ttit\\Material\\Dreiecke\\\\Datei
Neu
Öffnen...
Physik-Eigenschaften
!bold\\Reibungs-Konstanten
!bold\\Minimal-Geschwindigkeiten
Sprung:
Roll:
Gleit:
Haft:
Sprung:
Haft:
Geräusche
neue Ebene

Löschen
!alpha

Leeren
\\0\\10000\\0.1

!format=tit\\Ebene\\\\Textur
\\0
me

Datei
Spiel
Datei
Font
Bearbeiten
?
Item
Material
Eigenschaften
Modell
Aussehen
Erstellen
Exportieren
Datei
Funktionen
Effekte
Importieren
Bearbeitungsmodus
Animation
Normalenart
Auswahl
Skelett
Oberfläche

Ansicht
Ansichts-Schicht


Objekt
Rechte Maustaste

Terrain Textur

Welt
Erstellen
Exportieren
Datei
?
Importieren
Auswahl
Zur Welt hinzufügen
Objekte
Terrain
Ansicht
Spiegeln

Farben...

Modell-Eigenschaften
!bold\\Erzeugung der Detailstufen
!bold\\Sichtweite der Detailstufen
!bold\\Material-Datei
!bold\\Generell
!bold\\Trägheitstensor
Ansicht\\Materialien\\Physik\\Inventar\\Script
Die Eigenschaften dieser Material-Datei können in den folgenden Tab-Seiten überschrieben werden.
Beschreibung
hoch
niedrig
mittel
Masse
Maximale Anzahl Items
Name
Datei:
!bold\\Scriptvariablen:
#\\Datei
Material
Generell\\Texturen\\Farben\\Transparenz
Ein Material auswählen

Neu
Öffnen...

Animation
Kanten
Material...
Materialien...
Mesh
Skelett

Oberflächen
Texturen...
Textur-Koordinaten
Dreiecke
Vertex-Punkte
Eigenschaften...
Alle Frames beeinflussen
Vorheriger
Löschen
Nächster
Neu einfügen
Frame
Zurücksetzen
Markierung
ms
Musik...

\\1
aus Scheiben\\Sphäre
\\1
\\1
\\2
Geschlossene Enden
\\1
Geschlossene Textur
Punkte annähern
Auf Vertex-Punkten
Neu
Neue Animation
\\0
Vertex\\Skelett
Index
Typ:
Kugel
neue Kugel
Komplexität
Anzahl der Scheiben
Punkte pro Scheibe
Quader
Zylinder...
neuer Zylinder
Kanten
Ringe
Extrahieren
neuer Frame
Konv. Polyeder
Umriss
Ebene
neue Ebene
Streifen X:
Streifen Y:
Vertex-Punkte
Spat
neues Terrain
Neues Dreieck
Neue Dreiecke \"U\"
Winkelabhängig
Eckig
Per Vertex
Rund
Kanten rund
Winkelabhängig
Eckig
Rund
Kanten rund
\\1
\\1



\\0



\\0
\\1
\\1

Objekt-Eigenschaften
Allgemein\\Script
Item
Leben
Masse
Maximale Anzahl Items
Modell
Name
Radius
Datei:
!bold\\Scriptvariablen:
Neu
Öffnen...
maximale Anzahl:
OK
Öffnen...
Optimal
Eigene Figur (ego=...)

Einfügen


%
\\0
Physik...
Physik aktiv
Physik passiv



Typ\\Index\\Name
\\0\\100\\0.1



->




Grundeinstellungen des Spieles
Wiederherstellen
  --keine--\\Metall\\Spiegel (flach)\\CubeMap statisch\\CubeMap dynamisch
\\0\\100\\1
\\1\\10000\\1
Seite\\Textur
Entfernen
Umbenennen
Ersetzen
\\0\\1000\\0.1

Rotieren
Rotation


Grundeinstellungen...


Speichern
Speichern unter...
Skalieren X=Y=Z
Skalieren 2D


Skalierung

Script-Variable
Index:

Wert:

...

!format=ttT\\#\\Name\\Wert



Eigenschaften...
Dreiecke nur im Uhrzeigersinn
Zusammenhängendes markieren
Selbständig
Fehler berichten
Übernehmen
Einstellungen...
Shininess


Effekte
Objekte
Punkte
Terrains
Modell anhängen
Vertex-Zuordnung
Importieren...
Verbindungen erstellen
Neuer Punkt
Kein Modell
Markierung
Verbindungen lösen
#\\Modell ('SkyBox')
Geräusche...
Sound-Datei\\Material\\v min\\v max

Specular





aktiviert
Sonne aus Kamerarichtung










Terrain (neu)...
Terrain-Eigenschaften
!bold\\Höhen aus Graustufen einer Bilddatei
!bold\\Abmessungen
Eigenschaften\\Texturen\\Material
Terrain-Datei:
1 Graustufe =
Höhenkarte
Material
Raster-Größe
Streifen-Zahl
Terrain-Größe
Terrain (laden)...
Speichern...
Komplett
Ebene 0
Ebene 1
Ebene 2
Ebene 3
Ebene 4
Ebene 5
Ebene 6
Ebene 7



Textur...
!format=tTTit\\Ebene\\Größe X\\Größe Z\\\\Datei
Suchen...
Löschen
Leeren
auf ganzes Terrain
Textur
TexKoord aus Hintergrund


Transparenz...
  --keine--\\Color-Key (weich)\\Color-Key (hart)\\Faktor\\Funktion
Rückgängig






Hinten (-z)
Unten (y)
Vorne (z)
Isometrisch
Links (x)
Ansicht
Perspektive
heraus-poppen
hinein-pushen
Rechts (-x)
Oben (-y)

Wasser
Edward heißt Sie willkommen.
!icons
\"über\"
Ganzes Fenster

Drahtgitter

Welt-Eigenschaften
Ambient
Hintergrund-Farbe
Nebel
Gravitation
Sonne
Generell\\Himmel\\Sonne\\Script-Variablen
(zuerst wird der Hintergrund eingefärbt, dann wird das Modell darüber gerendert. Sollen Farbe und Modell einander überlagern, muss das Modell transparent sein)
Farbe (Color)
Dichte (Density)
Ferne Kante (End)
Typ (Mode)
Nahe Kante (Start)
maximale Anzahl:
Markiertes
X: Höhe über dem Horizont (X-Z-Ebene)
Y: Richtung (Abweichung von der Z-Achse)
Neu
Objekt-Eigenschaften
Winkel
Position
Name:
Typ:
Öffnen...
Zu bearbeitende Eigenschaften wählen
Script-Funktion
Script-Funktion
Aufruf durch:
Pseudo-Verzögerung:
(für Reihenfolge)
Name der Funktion:
X


Y


Z
Auswahl aktivieren
Auswahl invertieren
Hintergrundbild setzen
// Num Language Strings
0
// Text
// Language
English
// NumIDs
710
// Text
Administrate

!bold\\Needs
!bold\\File
!bold\\Needed by
Administration
Edit
Export game
Configuration
current game\\all files\\details\\unnesessary\\missing
Align to grid
All
Allow sun
AlphaZero\\AlphaOne\\AlphaSourceColor\\AlphaSourceInvColor\\AlphaSourceAlpha\\AlphaSourceInvAlpha\\AlphaDestColor\\AlphaDestInvColor\\AlphaDestAlpha\\AlphaDestInvAlpha
\\0\\100\\1

AlphaZero\\AlphaOne\\AlphaSourceColor\\AlphaSourceInvColor\\AlphaSourceAlpha\\AlphaSourceInvAlpha\\AlphaDestColor\\AlphaDestInvColor\\AlphaDestAlpha\\AlphaDestInvAlpha
Z-buffer enabled
ambient



Delete
Animation
Streching
overview\\animation\\sim\\import
frames /s const
frames /s factor
frame no.
name
num.frames
parameter
speed
!bold\\properties
#\\type\\num frames\\name
New
Appearance...
Apply
!alpha
\\0\\100\\0.1
Camera point
PositionSet\\PositionAdd\\AngleSet\\Position & Angle Set\\Flight\\FlightRelative
delay
type
angle
position
velocity
CameraFlight (new)...
CameraFlight (load)...
Cancel
Choose material...
Connect Points
Copy
Render lightmap...
Apply new material...
Objects...

Current material
-Administration-Mode-
-Font-Mode-
-Item-Mode-
-Material-Mode-
-Model-Mode-
-Model-Mode (Animation)-
-Model-Mode (Skeleton)-
-Empty-Mode-
-Object-Mode-
-World-Mode-
Cutting line
Cut off
Use colors from material

use default material


Use transparency from material

°
Delete
delete frame
Delete item
Delete texture level

Physical skin
High-precicion skin
Med-precicion skin
Low-precicion skin







diffuse

Easify skin
Easify skin
quality factor
triangles
vertices
Editor
Information\\Properties\\Keys
Website:
Creator:
language
Version:
Working directory
edit
edit
edit
edit
Scripts...
Selectable
Edit vertices

emission
Move to end of order
Execute plugin
Exit
\\0\\10\\0.05
Export game...
Groupe...
To GameStudio...
single files\\archive (compressed)\\archive (uncompressed)
Export world




!format=ttttc\\Type\\File\\Needed by\\Needs\\Missing
!format=ttttc\\Type\\File\\Needed by\\Needs\\Missing
!format=ttttc\\Type\\File\\Needed by\\Needs\\Missing
!format=ttttc\\Type\\File\\Needed by\\Needs\\Missing
!format=ttttc\\Type\\File\\Needed by\\Needs\\Missing
!format=ttttc\\Type\\File\\Needed by\\Needs\\Missing









...





enabled

Linear\\Exp\\Exp2

Font properties
font\\glyph\\demo
scaling factor X
scaling factor Y
glyph
height of glyphs
width
# glyphs
text:
unknown char
X1
X2
Y1
Y2
New
Open...

Linear\\1/r^2






type of effect chosen by tab control (while pressing OK)
( attracting acceleration, Linear: max. value, 1/r^2: value for r=1m )


formula
density
range
radius
script file
function
(function must be of type [ effect func ( vector pos ) ] )
sound file
max. range
speed
(has to be mono!)
Add a new effect...
Selected vertices
New...
-none-
fire\\light\\sound\\force field
!bold\\Startup game values
!bold\\Destination
linux\\windows 32
type of export:
font:
material:
!bold\\Directory
main script:
second world
system aimed for:
world:
calculate
auto calculation
generate
generate
auto
auto
auto
Export the game



Grid




Height = terrain
Help...
Import...
3D Studio Max...
GameStudio...
Lineage II...
Groupe...
World properties...


optimize for loop
quadratic interpolation
Triangle inversion

Item properties
common\\script variables
description
number (max)
number (max):
model
name
number
object
type
New
Open...
Physical skin
Selection

Key combination
combination:
!tree\\command\\keys

kill'em all

L

0

Light
Create lightmap
!nobar\\a
32 x 32\\64 x 64\\128 x 128\\256 x 256\\512 x 512\\1024 x 1024
Raytracing\\Radiosity\\Radiosity schnell\\Photon Map

Surface brightness
Brightness exponent
Number of Photons
Spacial resolution
Use local documentation instead of online version
CalcMove 1\\CalcMove 2\\Render 1\\Render 2\\Render 3\\GetInput 1\\GetInput 2
Data/model.png
Look for updates at program start
lu
lu/s
lu/s^2


Material appearance
!bold\\Function
!bold\\Shining
colors\\transparency\\reflection\\additional
!bold\\DirectX9 effect file
density:
texture size:
type:
density:
length:
dest
factor:
source
type:


Material\\Triangles\\File
New
Open...
Physical properties
!bold\\friction
!bold\\minimal velocities
jumping:
rolling:
sliding:
static:
jumping:
gliding:
Sounds
new level

delete level
!alpha

Empty
\\0\\10000\\0.1

Level\\Texture
\\0
mu

File
Game
File
Font
Edit
?
Item
Material
Properties
Model
Appearance
Create
Export
File
Functions
Effects
Import
Mode
Animation
Normals
Selection
Skeleton
Skin

View
Viewstage


Object
Right mouse button

Terrain texture

World
Create
Export
File
?
Import
Selection
Add to world
Objects
Terrain
View
mirror

Colors...

Model properties
!bold\\creation
!bold\\view range
!bold\\Material file
!bold\\General
!bold\\Moment of inertia tensor
level of detail\\material\\physics\\inventary\\script
Properties from this material file can be overwritten in the following tab pages.
Description
detail high
detail low
detail med
Mass
Max items
Name
File
!bold\\Script variables:
#\\File
Material
General\\Textures\\Colors\\Transparency
Select a material

New
Open...

Animation

Material...
Materials...

Skeleton


Textures
Texture coordinates

Vertices
Properties...
Effect all frames
Next
Selete
Last
Insert
Frame
Reset
Selection
ms
music...

\\1
Discs\\Sphere
\\1
\\1
\\2
Closed endings
\\1
Circled texture
Nearify
For vertices
New
New animation
\\0
vertex\\skeleton
index
type:
ball
New ball
Complexity
# discs
# vertices per disc
Cube
Cylinder...
New Cylinder
edges
rings
Extract
new frame
Conv. polyeder
Outline
Plane
New plane
# srtipes X:
# stripes Y:
Vertex
Spat
New terrain
New triangle
New triangles \"U\"
Angular
Edgy
Per vertex
Smooth
Smooth edges
Angular
Edgy
Smooth
Smooth Edges
\\1
\\1



\\0



\\0
\\1
\\1

Object properties
common\\script
item
life
mass
max.number of items
model
name
radius
script file:
!bold\\script variables:
New
Open...
max number:
OK
Open...
Optimal
Own character

Paste


%
\\0
Physics...
physics active
physics passive



type\\index\\name
\\0\\100\\0.1



->




Rudimentary configuration
Redo
  --none--\\metal\\mirror (flat)\\CubeMap static\\CubeMap dynamic
\\0\\100\\1
\\1\\10000\\1
face\\texture
Remove
rename
Replace
\\0\\1000\\0.1

Rotate
Rotation


Configuration...


Save
Save as...
Scale X=Y=Z
Scale 2D


Scaling

Script variable
index:

value:

...

#\\name\\type\\value



Properties...
triangles only clockwise
Select connected
Independent
Report a bug
apply
Settings...
shininess


Effects
Objects
Points
Terrains
Add model
Vertices of bone
Import...
Create link
New vertex
No model
Selection
Unlink
#\\model ('SkyBox')
Sounds...
Sound file\\Material\\v min\\v max

specular





enabled
Sun from camera direction










Terrain (new)...
Terrain properties
!bold\\New terrain from heightmap
!bold\\Geometry
properties\\textures\\material\\import
terrain file:
1 level of gray =
heightmap
material
raster size
# stripes
Terrain size
Terrain (load)...
Save...
Final
Level 0
Level 1
Level 2
Level 3
Level 4
Level 5
Level 6
Level 7



Textur...
!format=tTTit\\Level\\Size X\\Size Z\\\\File
Find...
Delete
Leeren
1:1 mapping
Texture
Texture coordinates from background


transparency...
  --none--\\color keyed (smooth)\\color keyed (hard)\\factor\\function
Undo






Back (-z)
Bottom (y)
Front (z)
Isometric
Left (x)
View
Perspective
Pop out
Push in
Right (-x)
Top (-y)

water
Welcome to Edward.
!icons
\"about\"
Use complete window

Wire frame

World properties
ambient
background color
fog
gravitation
color
common\\background\\script variables
(at first the color is applied to the background, second is the model. If interpolation of color and model is wanted you should use the model's transparency)
color
density (\"Density\")
far edge (\"End\")
type (\"Mode\")
near edge (\"Start\")
number (max):
Selection
X: Altitude above horizon (X-Z-plane)
Y: Direction (Angle to Z-axis)
New
Object properties
angle
position
name:
type:
Open...
Choose properies for editing
Script function
Script function
executes by:
pseudo delay:
(used for order of execution)
name of function:
X


Y


Z
Enable selection
Invert selection
Set background image
// Num Language Strings
289
// Text
                  Close dialog box to exit program.
                  Close dialog box to exit program.
    ges: %.2fs
    all: %.2fs
   - ohne Datei -
   - no file -
 -- Komplette Welt -- 
 -- complete world -- 
!bold\\Kommentar/Geschehnisse:
!bold\\Comment/What happened:
!bold\\Name:
!bold\\Name:
%d Dateien erfolgreich exportiert!
%d files successfully exported!
%d markierte Kamera-Punkte gelöscht
deleted %d selected camera points
%d von %d
%d / %d
%d von %d Dateien gelöscht.\nEngine-Dateien und geforderte Dateien können noch nicht gelöscht werden!
Deleted %d of %d files.\nEngine files and linked files can\\'t be deleted yet!
%d von %d Dateien konnten nicht exportiert werden:\n
%d out of %d files could not be exported:\n
%s  (noch %s)
%s  (%s to go)
(anonym)
(anonymous)
- <<< Ansicht -
- <<< view -
- >>> Ansicht -
- >>> view -
- Eigenschaften -
- Properties -
- Punkt(e) löschen -
- Delete point(s) -
- Regel hinzufügen -
- Add rule -
- Script löschen -
- Delete script -
- Vorschau -
- Preview -
- hinzufügen -
- Add -
- neuer Punkt (als #%d) -
- New point (as #%d) -
- neuer Punkt (am Ende) -
- New point (at the end) -
- nächster Punkt -
- Next point -
- speichern -
- Save -
- stopp -
- Stop -
- vorheriger Punkt -
- Previous point -
- zurück -
- Back -
-- keine Objekte markiert --
-- no objects selected --
-keine Animationen-
-no animations-
-leer-
-empty-
...done
...done
2D
2D
<Return> = OK   <ESC> = Abbrechen
<Return> = OK   <ESC> = Cancel
<neu...>
<new...>
Abbrechen
Cancel
Administration
Administration
Alle Frames
All frames
Allgemein
Common
An Gitter ausgerichtet
Arranged to grid
Anfangspunkt der Verbindung wählen
Select starting point of connection
Anim (???)
Anim (???)
Anim (Skel)
Anim (Skel)
Anim (Vert)
Anim (Vert)
Animation
Animation
Animation löschen?
Delete animation?
Animationen importieren? (Nur Vertex-Animationen können erhalten bleiben)
Import animatios? (Only vertex animations can be kept)
Ans Ende sortiert: 
Moved to the end of the order: 
Ansicht
View
Anzahl der Texturen im Terrain wurde an das Material angepasst!
Number of terrain textures changed to comply with the material!
Anzahl der Texturen wurde an das Material angepasst!
Number of textures changed to comply with the material!
Arbeitsverzeichnis \"%s\" enthält keine \"game.ini\"-Datei. Soll diese erstellt werden?
Working directory \"%s\" doesn't contain a \"game.ini\" file. Should it be created?
Arbeitsverzeichnis ungültig, hier klicken, um eines zu wählen!
Working directory is wrong, click here to choose one!
Arbeitsverzeichnis wählen
Choose working directory
Ausgeschnitten
Cut
Beim Löschen des letzten Frames wird die komplette Animation gelöscht. Wollen Sie dies tun?
By deleting the last frame the whole animation gets deleted. Do you want to do that?
Beispiel Text 0123456789
Example text 0123456789
Berechne Sichtbarkeiten
Calculating visibilities
Beschreibung
Description
Bestehende Verbindung musste gelöst werden!
Connections had to be destroyed!
Das Rechteck für das Hintergrundbild hat keine Ausdehnung.\nSoll das aktuelle Bild entfernt werden?
The rectangle for the background image is zero-sized.\nShould the current image be removed?
Datei
File
Datei ist nicht in der Stimmung, geöffnet zu werden
The file is not in the mood of beeing opened
Datei liegt nicht im vorgesehenen Verzeichnis: \"%s\"\noder in dessen Unterverzeichnis
The file ist not int the appropriate directory: \"%s\"\nor in a subdirectory.
Datei-Format nicht ladbar!!
File format unreadable!
Datei-Format unlesbar!
File format unreadable!
Dateien (*.*)
Files (*.*)
Demütige aber höfliche Frage
Quite a polite question
Der konvexe Polyeder ist nicht so ganz konvex!
Convec polyeder is not very convex!
Die Sonne ist in der Welt nicht aktiviert.\nOption \"Sonne erlauben\" wird ignoriert.
The sun is disabled.\nOption \"Sun allowed\" will be ignored!
Die Texturen dieses Modells:
The textures of this model:
Dreick oder Kante zum Extrahieren wählen
Select a triangle or an edge to be extracted
Dreieck
Triangle
Dreieck \"U\"
Triangle \"U\"
Dreieck wählen: %d/3
Select triangle: %d/3
Dreiecke umgedreht: %d
Trianlges inverted: %d
Dreiecke wählen: %d ->Return
Select triangles: %d ->Return
Dreiecke zerschnitten: %d
Triangles cut: %d
Ebene
Plane
Ebene ziehen
Draw plane
Editor
Editor
Editor für Spiele-Daten der x9-Engine
Editor for game data of the x9 engine
Eigenschaften
Properties
Eigenschaften importiert!
Properties imported
Eingefügt
Pasted
Eingefügt!
Pasted!
Einzelnen Winkel an markierter Stelle eingefügt
Inserted a single angle at selected position
Einzelnen Winkel an markierter Stelle eingefügt (x %d frames)
Inserted a single angle at selected position (x %d frames)
Einzelner Frame
Single frame
Endpunkt der Verbindung wählen
Select end point of connection
Error
Error
Erst einen neuen Frame erstellen!
You first have to create a new frame!
Erstelle Datenbank
Creating database
Es existiert bereits eine Animation mit diesem Index. Bitte einen anderen wählen.
There already is an animation with this index. Please choose an other one.
Es muss erst ein Knochen markiert sein!
You first have to select a bone!
Es sind nur maximal %d Texturen pro Terrain erlaubt!
Only maximally %d textures per terrain allowed!
Esc -> Abbrechen
ESC -> Cancel
Exportiere Spiel
Exporting game
Falsches Datei-Format der Datei '%s': %d (statt %d - %d)
File %s has a wrong file format: %d (expected: %d - %d)!
Falsches Datei-Format: %s statt MDL7!
Wrong file format: %s (expected: MDL7)
Falsches Dateiformat der Datei %s: %d (statt %d)!
File %s has a wrong file format: %d (expected: %d)!
Fehler
Error
Fehler in  Script-Datei: \"%s\"\n%s\n%s
Error in script file: \"%s\"\n%s\n%s
Fehler in Script-Datei: \"%s\"\n%s\n%s
Error in script file: \"%s\"\n%s\n%s
Fehler!
Error!
Fehlerbericht
Bug Report
Fehlerbericht an Michi senden
Send bug report to Michi
Font
Font
Font-Datei
Font file
Font-Dateien (*.xfont)
Font files (*.xfont)
Frage
Question
Frame %.2f / %d
Frame %.2f / %d
Frame %d / %d
Frame %d / %d
Gespeichert!
Saved!
Gespiegelt!
Mirrored!
Geändert!
Changed!
Größe des Fonts überschreitet 1024x1024
Size of font exceeds 1024x1024
Hinten
Back
Hinten (-z)
Back (-z)
Höchstens %d Textur-Ebenen erlaubt!
Only %d texture levels allowed!
Import fertig!
Importing done!
Information
Information
Initialisierung
Initializing
Isometrisch
Isometric
Ist halt irgendwie passiert...
Just happened somehow...
Item
Item
Item-Datei
Item file
Items (*.item)
Items (*.item)
Kamera
Camera
Kamera-Datei
Camera file
Kamera-Dateien (*.camera)
Camera files (*.camera)
Kamera-Script gespeichert!
Camera script saved!
KameraPunkt
Camera point
Kann Material-Datei nicht öffnen
Can't load material file
Kann XFont-Datei nicht öffnen
Can't load xfont file
Karten (*.map)
Terrains (*.map)
Karten-Datei
Terrain files
Kein Punkt markiert!
No vertex selected!
Kein Terrain zum Editieren markiert!
No terrain selected for editing!
Keine Daten in der Zwischenablage!
No data in clipboard!
Keine Hintergrund-Textur in der perspektivischen Ansicht möglich!
No background image allowed for perspective view!
Keine rekursiven Verbindungen erlaubt!
No recursive connections allowed!
Kopiert!
Copied!
Kugel
Sphere
Kugel skalieren
Scale the sphere
Kugelzentrum waehlen (Maus-Taste halten)
Select center of sphere (keep cursor button pressed)
Lade Objekte
Loading objects
Lade Terrain
Loading terrain
Lade Welt
Loading world
Links
Left
Links (x)
Left (x)
Markierung an
Selecting on
Markierung aus
Selecting off
Material
Material
Material-Datei
Material file
Materialien
Materials
Materialien (*.material)
Materials (*.material)
Mausbewegung -> Tiefe,  <Return> = OK
Cursor movement -> Depth, <Return> = OK
Mindestens eine Textur muss existieren! Sie darf allerdings leer sein; \"Leeren\"
There has to be at least one texture! It may however be empty; \"empty\"
Mindestens eine Textur-Ebene muss existieren!
There has to be at least one texture level!
Mindestens eine Textur-Ebene muss vorhanden sein!
At least one texture level has to exist!
Modell
Model
Modell-Datei
Model file
Modelle (*.model)
Models (*.model)
Musste umsortieren...
Had to reorder...
Nachrichten
Messages
Neben diesen Angaben wird noch der Inhalt der Datei message.txt geschickt
Additionally to this information I will send the file message.txt
Nicht in der physikalischen Oberfläche erlaubt!
Not allowed in physical skin!
Nicht während Animieren editierbar!
Not editable while animating!
Nichts markiert!
Nothing selected
Nur in der höchsten Detailstufe möglich!
Allowed only in high level of detail!
Nur unabhängige Punkte können bewegt werden!
Only independent points can be moved!
OK
OK
Oben
Top
Oben (-y)
Top (-y)
Objekt
Object
Objekte (*.object)
Objects (*.object)
Objekte links auswählen und in die Karte setzen
Select objects on the left side and put them into the map
Objekte-Datei
Object file
Perspektive
Perspective
Plugin-Script \"erfolgreich\" ausgeführt
Plugin script \"successfully\" executed
Plugin-Script wählen
Choose a plugin script
Pop
Pop
Punkte angenähert
Vertices nearified
Punkte verbunden
Vertices connected
Push
Push
Quader
Cube
Quader ziehen (Ebene)
Draw cube (plane)
Quader ziehen (Tiefe)    erstellen mit linker Maustaste
Draw cube (depth)        left mouse button -> create
Radiosity
Radiosity
Raytracing
Raytracing
Rechteck für Hintergrundbild wählen....
Select a rectangle for the background image...
Rechts
Right
Rechts (-x)
Right (-x)
Rotieren
Rotate
Schnitt-Linie wählen
Select cutting line
Schritt %d von %d
Step %d of %d
Script
Script
Script (*.kaba)
Script (*.kaba)
Script-Datei
Script file
Script-Datei enthält keine Funktion vom Typ \"effect Funktion( vector )\"
Script file doesn't contain a function of type \"effect Funktion( vector )\"
Script-Datei enthält keine Funktion vom Typ \"void Funktion()\"
Script file doesn't contain a function of type \"void Funktion()\"
Script-Dateien (*.kaba)
Script files (*.kaba)
Scripte wählen
Select Script
Shader
Shader
Shader-Datei
Shader file
Shader-Dateien (*.fx)
Shader files (*.fx)
Sie haben die Entropie erhöht. Wollen Sie Ihr Werk speichern?
You increased entropy. Do you wish to save your work?
Skalieren
Scale
Skalieren (2D)
Scale (2D)
Skelett
Skeleton
Skin
Skin
Sortiereung nicht für das Skelett möglich!
Ordering not possible for this skeleton!
Sound
Sound
Sound-Datei
Sound file
Sounds (wav,mp3,midi)
Sounds (wav,mp3, midi)
Spat waehlen: %d/4
Select spat: %d/4
Spiegeln
Mirror
Symmetrisiere
Symmetricising
Terrain
Terrain
Terrain-Vertices editieren
Edit vertices of terrain
Terrain:    %d+1 x %d+1\nBitmap:    %d x %d\nSoll das Terrain an die Bitmap angepasst werden?
Terrain:    %d+1 x %d+1\nBitmap:    %d x %d\nEdit the terrain to fit the bitmap?
Teste Dateien
Testing files
Textur
Texture
Textur durch Anklicken auswählen!
Select texture by clicking!
Textur-Datei
Texture file
Textur-Datei nicht ladbar: %s
Texture file not loadable: %s
Textur-Größe zu klein um alle Dreiecke aufzunehmen.
Texture size too small to store all triangles.
Textur-Koordinaten
Texture coordinates
Textur-Koordinaten wählen
Select texture coordinates
Texturen
Textures
Texturen (bmp,jpg,tga,avi)
Textures (bmp,jpg,tga,avi)
Trace
Trace
Unbekannte Dateinamenerweiterung
Unknown file extension
Unpassende Größe
Bad Size
Unten
Bottom
Unten (y)
Bottom (y)
Vertex
Vertex
Vertex-Skelett-Zuordnung beibehalten? (\"Nein\" löscht diese Daten)
Keep correlation: vertex <-> skeleton? (\"No\" deletes this data)
Vertexpunkt
Vertex
Vertices
Vertices
ViewStage Pop
ViewStage Pop
ViewStage Push
ViewStage Push
Vorne
Front
Vorne (z)
Front (z)
Welt
World
Welt-Datei
World file
Welten (*.world)
Worlds (*.world)
Winkel eingefügt: %d
Angles inserted: %d
Winkel eingefügt: %d x %d frames
Angles inserted: %d x %d frames
Winkel gelöscht: %d x %d frames
Angles deleted: %d x %d frames
Winkel gelöscht; %d
Angles deleted: %d
Winkel kopiert: %d
Angles copied: %d
Winkel kopiert: %d x %d frames
Angles copied: %d x %d frames
Während dem Abspielen nicht editierbar!
Not editable while playing!
Zeichensatz des aktuellen Fonts wurde übernommen
Kept the character set for the current font
Zu viele Knochen markiert, Auswahl wird ignoriert!
Too many bones selected, selection beeing ignored!
Zylinder
Cylinder
Zylinder ziehen
Draw cylinder
[Engine]
[Engine]
[Kamera-Punkt %d]
[Camera point %d]
\\\\\\\\                  -- neu --
\\\\\\\\                  -- new --
administrieren
administrate
beliebige Datei
arbitrary file
berechne Koeffizienten
calculating coefficients
berechne Lichtquellen
calculating light sources
entschlüssele Dateien (%d von %d mb)
decrypting file (%d of %d mb)
erstelle kd-Baum
creating kd-tree
hohe Detailstufe
LOD: high
i'm now going to clean up...
i'm now going to clean up...
importiere Dateien (%d von %d)
importing files (%d of %d)
kein Dreieck ausgewählt
no triangle selected
konv.Poly wählen: %dS, %dP
selecting conv.poly: %dS %dP
linke Maustaste -> die jeweiligen Textur-Koordinaten bearbeiten
left button -> edit texture coordinates
message.txt öffnen
Open message.txt
mittlere Detailstufe
LOD: medium
neue Punkte setzen
place new vertex
nicht beim Erstellen erlaubt!
Not allowed while creating!
niedere Detailstufe
LOD: low
nur in physikalischer Oberfläche erlaubt!
Only allowed in physical skin!
physikalische Oberfläche
physical skin
program has crashed, error handler has been called... maybe SegFault... m(-_-)m
program has crashed, error handler has been called... maybe SegFault... m(-_-)m
rechte Maustaste -> Textur-Menü
right button -> texture menu
rechte Maustaste -> neuer Punkt, <Return> -> Tiefe festlegen
right button -> new point, <Return> -> select depth
rendere
rendering
sortiere Daten
sorting data
unabhängigen Punkt setzen oder Root-Punkt wählen
place independet point or select root point
verzweigten Punkt setzen
place branching point
Überflüssiges Material wurde gelöscht!
Deleted unused material!
// Language
日本語
// NumIDs
710
// Text






編集


current game\\all files\\details\\unnesessary\\missing

全て

AlphaZero\\AlphaOne\\AlphaSourceColor\\AlphaSourceInvColor\\AlphaSourceAlpha\\AlphaSourceInvAlpha\\AlphaDestColor\\AlphaDestInvColor\\AlphaDestAlpha\\AlphaDestInvAlpha


AlphaZero\\AlphaOne\\AlphaSourceColor\\AlphaSourceInvColor\\AlphaSourceAlpha\\AlphaSourceInvAlpha\\AlphaDestColor\\AlphaDestInvColor\\AlphaDestAlpha\\AlphaDestInvAlpha

周辺光



削除


overview\\animation\\sim\\import



名前




#\\type\\num frames\\name
新規
外観
適用
!alpha


PositionSet\\PositionAdd\\AngleSet\\Position & Angle Set\\Flight\\FlightRelative







キャンセル


コーピ


オブジェクト...



[フォント　の　モード]
[アイテム　の　モード]
[マテリアル　の　モード]
[モデル　の　モード]
[モデル　の　モード (アニメーション)]
[モデル　の　モード (骨格)]
[なし]
[オブジェクト　の　モード]
[世界　の　モード]









°
削除















拡散光







properties\\keys\\information





編集
編集
編集
編集




発光


終了




single files\\archive (compressed)\\archive (uncompressed)




















...







Linear\\Exp\\Exp2


font\\glyph\\demo








X1
X2
Y1
Y2
新規
開く...

Linear\\1/r^2























新規...

炎\\光源\\音\\力場


linux\\windows 32



















グリッド





ヘルプ...













common\\script variables




名前



新規
開く...





!tree\\command\\keys

kill'em all

L



光










CalcMove 1\\CalcMove 2\\Render 1\\Render 2\\Render 3\\GetInput 1\\GetInput 2


lu
lu/s
lu/s^2





colors\\transparency\\reflection\\additional













新規
開く...













!alpha






mu

ファイル

ファイル
フォント
編集
ヘルプ
アイテム
マテリアル
プロパティ
モデル

作成
エクスポート
ファイル
機能
効果
インポート
編集モード
アニメーション
法線
選択
骨格
表面

表示
表示　の　レベル


オブジェクト




世界
作成
作成
ファイル
ヘルプ
インポート
選択



表示
鏡









level of detail\\material\\transparency\\physics















新規
開く...






骨格






設定...

前へ
削除
次へ
貼り付け
フレーム
リセット
選択
ms
音...


Discs\\Sphere








新規
新しい　アニメーション

ベクトル\\骨格
索引
種類
玉
新しい　玉
複雑さ


正六面体
円柱...







平面






新しい　三角形
新しい　三角形　\"U\"























common\\script


質量


名前



新規
開く...

OK
開く...



貼り付け


%

物理学...





type\\index\\name




->





やり直す
  --none--\\metal\\mirror (flat)\\CubeMap static\\CubeMap dynamic


face\\texture
削除
名前の変更



回転






保存
別名で保存...
倍率
倍率 2D





索引

値

...

#\\名前\\種類\\値



設定...




適用




エフェクト
オブジェクト
ベクトル
陸


インポート...

新しい　ベクトル
なし　モデル
選択

#\\モデル　('SkyBox')
音...


反射光

















新しい　陸...



properties\\textures\\material\\import








保存...












テクスチャ...

検索...
削除






透明...
  --none--\\color keyed (smooth)\\color keyed (hard)\\factor\\function
元に戻す







下 (y)


左 (x)
表示



右 (-x)
上 (-y)

水

!icons








霧
引力
色
common\\background\\script variables

色








新規

角

名前:

開く...







X


Y


Z



// Num Language Strings
0
// Text
#
